timestamp,zone_00,zone_01,zone_02,zone_03,zone_04,zone_05,zone_06,zone_07,zone_08,zone_09,zone_10,zone_11,zone_12,zone_13,zone_14,zone_15,zone_16,zone_17,zone_18,zone_19,zone_20,zone_21,zone_22,zone_23,zone_24,zone_25,zone_26,zone_27,zone_28,zone_29,zone_30,zone_31,zone_32,zone_33,zone_34,zone_35,zone_36,zone_37,zone_38,zone_39,zone_40,zone_41,zone_42,zone_43,zone_44,zone_45,zone_46,zone_47,zone_48,zone_49,zone_50,zone_51,zone_52,zone_53,zone_54,zone_55,zone_56,zone_57,zone_58,zone_59,zone_60,zone_61,zone_62,zone_63
2026-06-28T15:35:28.698,407,397,404,398,395,391,400,389,402,408,399,396,393,388,392,390,407,401,401,401,397,394,390,389,404,404,398,396,404,390,392,390,411,406,399,399,395,387,393,387,405,403,398,401,398,398,388,389,400,406,394,392,394,390,395,386,404,407,400,398,393,395,389,392
2026-06-28T15:35:28.758,398,400,402,396,395,393,390,395,406,401,400,402,392,392,392,389,406,402,398,403,396,391,382,388,411,399,399,400,391,391,384,383,406,403,398,394,392,399,394,389,411,402,398,404,400,394,387,389,404,401,396,393,391,386,387,387,404,404,404,396,390,397,391,397
2026-06-28T15:35:28.877,401,407,402,398,395,390,395,388,408,404,398,397,395,390,389,385,405,397,398,395,397,390,389,383,404,402,403,401,399,396,391,388,409,399,398,406,398,392,388,385,404,396,405,394,395,390,390,386,404,401,398,400,401,391,388,390,408,406,396,398,397,390,392,388
2026-06-28T15:35:28.995,412,399,403,395,391,390,390,391,409,403,395,393,392,393,387,382,404,399,399,399,397,387,399,383,405,410,396,398,393,394,388,387,398,399,401,399,396,393,387,385,401,400,405,403,392,398,389,385,404,408,397,402,391,393,389,387,402,401,397,395,391,397,387,393
2026-06-28T15:35:29.102,410,402,400,398,395,394,392,386,410,408,400,396,393,395,388,392,407,402,405,394,397,388,392,390,401,403,400,398,397,393,383,381,409,404,401,400,401,389,388,389,406,402,402,401,394,395,395,390,406,396,397,396,400,396,391,389,407,413,394,402,392,387,389,392
2026-06-28T15:35:29.187,405,405,401,398,393,387,392,393,414,402,400,399,389,392,389,390,407,403,394,398,398,392,391,389,401,400,395,397,394,394,384,382,403,405,400,398,399,393,389,386,396,406,397,396,391,396,390,388,399,402,401,400,395,389,391,389,414,399,398,398,391,394,389,396
2026-06-28T15:35:29.263,414,410,408,399,391,394,392,396,407,402,399,401,390,392,390,390,404,400,396,399,389,393,387,390,406,403,393,399,403,395,395,392,405,398,399,396,393,390,392,384,401,396,400,394,394,390,388,383,400,401,401,400,396,391,389,391,405,401,397,393,388,395,392,393
2026-06-28T15:35:29.357,412,406,404,404,395,389,394,392,412,402,403,400,390,395,388,387,408,398,405,401,397,389,389,391,402,399,399,403,394,396,387,384,405,401,399,401,398,388,386,387,402,405,398,399,389,394,386,387,404,401,398,395,392,396,388,385,407,398,405,398,397,387,392,387
2026-06-28T15:35:29.462,400,402,399,397,395,392,396,395,401,403,396,398,394,391,385,387,402,403,402,398,403,386,388,387,402,400,400,397,398,393,384,389,407,398,395,393,393,390,389,386,402,404,400,400,397,398,390,391,403,399,396,390,395,391,392,391,410,401,403,401,394,392,390,395
2026-06-28T15:35:29.554,404,409,399,396,401,391,387,385,407,402,396,397,393,392,389,389,405,398,399,403,393,389,383,390,403,407,399,399,400,393,387,384,406,398,401,397,396,393,389,386,404,398,402,397,393,389,389,390,406,401,399,396,395,394,390,383,401,402,401,390,392,395,392,393
2026-06-28T15:35:29.650,408,404,403,401,395,393,390,389,403,406,403,396,392,393,394,388,408,399,398,403,399,391,397,386,404,397,393,398,396,389,393,385,407,402,401,397,399,394,384,387,401,400,402,397,395,394,389,387,403,402,396,396,395,397,395,389,405,406,403,400,387,388,392,392
2026-06-28T15:35:29.744,403,411,402,398,396,392,388,388,408,402,400,394,398,392,393,389,407,401,405,401,391,388,388,388,406,404,402,396,388,391,393,386,404,400,398,397,391,388,392,389,406,406,397,397,388,392,386,387,401,400,399,394,394,390,389,392,409,402,404,397,394,394,387,392
2026-06-28T15:35:29.841,406,409,398,396,390,390,387,385,404,402,397,403,397,391,388,382,406,400,394,395,392,391,386,387,407,403,399,398,397,393,387,388,402,406,397,399,394,391,391,388,410,410,398,394,400,392,392,394,407,399,400,393,391,389,388,390,414,402,404,396,394,390,388,396
2026-06-28T15:35:29.937,401,401,407,399,398,392,394,399,404,405,403,397,392,393,386,389,408,406,400,401,397,396,386,385,401,398,396,401,397,398,384,385,404,401,402,396,393,391,387,391,400,398,401,400,392,395,388,389,402,399,395,392,400,389,385,389,404,404,396,400,392,394,392,386
2026-06-28T15:35:30.035,400,409,406,401,394,393,389,398,402,403,397,399,395,389,384,384,406,399,400,402,394,392,388,382,400,406,397,399,394,395,389,389,404,404,400,399,393,392,385,388,410,402,398,403,397,389,392,388,408,402,394,395,395,394,389,386,411,403,399,399,396,390,387,393
2026-06-28T15:35:30.147,406,404,399,401,390,391,394,399,412,401,396,395,392,389,392,389,405,398,396,395,393,390,388,386,402,400,404,399,398,398,385,386,406,398,404,399,397,396,388,384,401,406,400,393,396,394,393,379,404,396,404,401,391,395,394,390,413,406,400,397,393,396,390,394
2026-06-28T15:35:30.252,398,407,403,398,395,391,389,389,403,401,396,392,394,396,388,390,403,398,398,397,394,397,387,389,406,405,398,403,395,393,392,388,402,397,399,396,393,391,390,382,403,398,404,392,397,390,389,388,409,403,397,400,391,391,392,389,408,400,398,398,395,394,383,389
2026-06-28T15:35:30.345,405,402,405,399,395,391,390,385,407,404,397,399,395,393,391,387,400,403,397,397,401,392,390,384,410,402,398,394,394,391,392,390,409,405,399,395,395,391,393,392,402,406,402,399,397,392,392,385,405,402,394,399,394,391,392,390,411,402,398,399,395,395,389,390
2026-06-28T15:35:30.439,409,400,403,394,401,398,395,392,408,400,398,393,391,388,391,390,405,403,399,399,397,394,388,386,407,401,395,402,392,387,391,385,410,405,400,399,396,392,387,390,405,405,403,397,398,392,395,386,404,401,395,396,394,392,388,390,402,405,398,397,395,395,391,390
2026-06-28T15:35:30.535,405,401,400,392,396,392,387,389,412,403,397,394,399,395,391,392,404,404,399,399,400,392,392,390,405,402,402,402,396,394,381,385,408,403,394,400,393,389,389,383,405,398,399,396,397,392,385,385,404,403,399,397,390,389,388,383,405,404,403,397,395,395,391,390
2026-06-28T15:35:30.633,415,401,400,395,396,390,390,393,406,402,404,393,392,392,391,385,402,403,402,396,394,393,389,385,407,399,397,404,393,396,390,389,402,401,400,397,393,393,387,391,402,403,407,399,392,392,394,387,407,400,395,403,395,390,396,387,411,398,398,395,388,386,387,396
2026-06-28T15:35:30.736,407,410,399,399,394,390,391,390,413,405,399,396,396,395,390,384,408,404,404,396,393,398,390,388,401,401,401,402,385,388,388,387,405,398,400,397,397,391,390,387,403,402,397,394,395,395,395,391,405,400,400,403,395,392,388,387,407,404,398,399,392,393,387,393
2026-06-28T15:35:30.826,402,406,404,388,392,394,395,391,412,406,392,402,403,397,386,391,402,395,400,405,391,393,387,385,406,400,403,397,399,395,389,386,403,403,399,403,394,388,395,388,408,396,400,400,392,392,392,389,408,393,404,393,394,396,383,383,413,405,399,399,393,387,390,392
2026-06-28T15:35:30.922,409,408,400,404,397,394,392,388,403,411,399,394,396,390,389,388,406,398,404,392,399,391,390,390,402,402,400,402,397,387,385,384,400,404,394,399,393,395,381,384,403,400,398,394,401,390,392,390,416,402,401,399,394,390,392,389,410,407,398,390,393,392,389,391
2026-06-28T15:35:31.020,404,404,401,398,397,393,390,383,412,404,403,400,392,390,384,386,410,404,403,396,391,393,392,385,406,402,402,397,398,394,391,385,398,397,396,400,399,391,390,387,408,401,397,399,392,398,391,384,403,405,398,400,396,389,396,390,414,399,398,395,391,392,391,393
2026-06-28T15:35:31.132,393,398,403,399,393,394,390,392,407,408,399,397,393,394,391,390,407,401,398,390,399,389,387,389,401,403,396,401,393,391,391,387,409,404,400,395,396,385,393,388,405,402,396,394,398,394,391,383,400,398,398,395,396,388,386,394,409,402,393,395,392,389,389,387
2026-06-28T15:35:31.225,408,403,396,395,394,391,387,386,412,405,400,398,394,394,389,386,405,400,398,392,394,392,389,387,403,404,401,401,390,394,389,383,408,400,401,398,396,390,385,385,407,403,404,394,396,389,387,385,406,403,398,397,394,395,388,392,407,401,400,396,392,390,385,391
2026-06-28T15:35:31.315,395,409,403,401,396,388,391,395,409,397,398,402,393,396,387,388,410,402,397,400,393,391,387,385,405,403,403,399,398,395,388,387,409,405,402,396,396,390,393,384,400,403,399,395,398,396,387,388,405,400,393,396,401,389,384,387,402,403,402,396,393,389,391,388
2026-06-28T15:35:31.412,401,403,407,398,395,397,395,390,410,398,399,396,393,394,388,389,405,404,402,400,394,390,384,389,401,394,400,404,393,394,385,390,409,405,399,403,391,391,390,385,402,405,402,398,394,397,388,390,410,403,398,399,392,392,394,388,405,405,402,399,394,390,391,391
2026-06-28T15:35:31.511,409,407,400,396,392,395,397,393,407,401,403,398,394,393,392,388,407,407,400,400,394,391,387,387,404,402,400,399,391,392,390,390,405,401,399,396,397,392,393,381,405,400,400,399,394,387,388,387,407,403,396,397,400,393,388,385,405,402,398,397,390,391,391,390
2026-06-28T15:35:31.651,417,404,396,395,400,395,392,393,412,404,399,396,392,390,395,388,404,398,398,399,400,388,386,394,409,398,400,404,395,395,389,383,409,401,400,394,395,394,388,384,408,402,397,391,393,390,388,393,401,403,395,401,393,390,392,388,405,402,402,395,392,392,389,389
2026-06-28T15:35:31.759,409,404,399,393,396,394,385,395,411,402,400,395,393,387,388,388,401,397,397,397,393,392,390,387,403,400,404,394,394,395,393,389,404,403,402,397,396,388,389,386,401,403,402,396,392,394,391,393,400,401,400,395,393,395,389,386,409,397,399,396,394,394,390,392
2026-06-28T15:35:31.840,408,402,404,400,393,396,392,389,409,405,402,397,398,388,388,388,407,403,402,402,398,396,386,390,406,405,398,402,392,397,388,387,404,408,396,400,398,391,395,384,406,398,401,394,396,391,388,389,406,399,399,397,397,393,387,387,410,404,395,391,393,391,391,396
2026-06-28T15:35:31.938,417,405,402,399,393,392,388,392,409,401,401,394,391,391,391,386,401,409,398,394,396,395,387,387,405,403,402,397,391,393,391,383,402,406,400,399,397,389,389,387,407,403,400,399,397,391,392,385,406,399,404,398,395,389,387,389,404,404,402,396,391,394,391,393
2026-06-28T15:35:32.034,411,403,398,397,394,387,389,397,398,399,394,393,394,394,390,386,407,403,396,395,397,390,390,390,404,401,404,400,397,391,390,385,402,400,393,395,396,395,389,385,409,403,393,399,400,389,388,390,407,411,398,396,394,391,387,385,403,403,400,395,387,391,390,389
2026-06-28T15:35:32.128,406,401,404,396,396,395,394,385,408,400,399,397,394,388,385,389,406,402,405,396,397,393,389,385,402,402,404,400,395,393,389,390,408,403,401,396,393,392,390,385,403,399,402,393,398,395,387,385,406,398,397,394,395,390,390,389,411,408,397,394,387,396,391,392
2026-06-28T15:35:32.249,409,402,406,398,396,392,393,388,406,400,397,400,393,392,389,386,406,401,395,393,398,396,389,393,402,400,405,399,392,398,388,387,409,394,403,403,398,389,392,384,398,400,399,401,396,395,389,389,408,397,398,395,391,389,389,388,405,401,397,395,393,394,391,397
2026-06-28T15:35:32.331,405,404,398,400,393,394,393,390,408,402,406,399,391,392,386,390,402,404,398,401,400,393,388,385,405,399,402,399,390,394,393,384,407,402,397,394,392,390,387,385,403,403,404,403,398,391,388,386,411,400,392,392,393,391,388,390,404,404,402,398,397,392,391,389
2026-06-28T15:35:32.414,405,404,400,397,392,390,392,394,407,399,397,395,393,393,390,390,402,402,395,396,392,387,386,387,406,398,400,396,393,395,389,385,405,400,397,393,394,391,393,389,408,402,402,399,397,390,386,389,404,397,400,394,392,393,391,391,411,399,398,394,388,388,384,395
2026-06-28T15:35:32.511,404,403,404,395,395,396,387,387,414,405,397,399,391,392,389,385,397,403,401,399,398,394,390,385,410,401,404,398,392,393,389,386,412,400,395,399,393,391,388,388,410,398,404,400,390,393,384,388,396,402,403,398,391,396,391,389,408,408,399,392,391,391,390,397
2026-06-28T15:35:32.618,400,401,401,397,398,385,389,384,409,411,400,401,393,396,386,387,408,400,396,400,400,398,388,384,392,401,402,401,399,394,389,386,402,398,393,399,399,394,392,391,402,403,395,399,392,388,387,386,400,396,397,394,393,393,386,387,415,401,403,399,399,389,392,393
2026-06-28T15:35:32.721,401,409,399,406,392,387,386,393,412,401,397,397,397,393,389,390,397,403,399,398,395,391,391,389,404,398,399,397,389,389,389,388,406,399,399,401,394,393,390,381,405,403,400,393,397,385,388,391,412,397,399,395,397,389,394,391,403,393,399,398,389,391,388,392
2026-06-28T15:35:32.797,412,402,399,394,398,396,394,382,408,404,395,398,392,396,391,390,408,403,397,395,400,390,393,382,411,402,400,401,395,393,390,385,408,401,399,400,396,391,392,390,406,405,397,400,396,392,391,389,411,392,402,400,393,389,384,385,413,407,396,392,392,394,392,395
2026-06-28T15:35:32.907,406,399,398,395,396,392,392,393,401,407,394,393,390,389,389,392,405,400,398,399,398,393,392,390,409,404,401,399,392,398,393,388,409,398,394,393,397,391,390,382,401,406,399,399,390,396,387,391,405,400,397,399,396,392,388,388,412,406,400,392,395,394,396,393
2026-06-28T15:35:32.996,411,409,399,398,396,394,390,394,412,409,402,400,391,389,390,383,410,402,397,393,397,390,388,392,404,400,399,398,393,392,390,394,406,400,403,397,395,393,391,388,403,404,400,393,392,387,386,389,404,396,399,402,393,390,387,386,409,402,400,397,392,394,394,393
2026-06-28T15:35:33.086,406,405,400,402,394,395,393,387,404,398,398,403,388,387,387,385,404,402,400,400,393,393,391,387,405,405,404,402,397,391,387,384,402,397,404,397,394,389,388,386,403,407,404,393,399,394,394,382,403,400,402,399,397,386,385,388,406,404,401,398,392,392,391,394
2026-06-28T15:35:33.193,409,412,399,401,394,390,391,394,413,406,400,392,398,391,387,389,405,404,399,395,399,395,389,387,399,398,403,397,398,391,387,389,403,399,402,401,398,393,390,377,406,403,403,402,396,393,388,392,409,401,395,398,400,395,391,389,406,403,399,398,391,390,392,392
2026-06-28T15:35:33.283,413,403,395,398,389,389,386,390,403,398,393,398,395,393,393,388,403,400,397,397,393,394,391,387,401,398,399,405,396,396,387,387,397,399,401,402,396,392,391,388,409,398,399,398,398,397,383,384,410,399,395,395,397,395,385,387,409,400,397,399,392,395,389,394
2026-06-28T15:35:33.380,405,400,404,401,392,396,392,390,405,399,398,398,394,388,394,384,399,406,398,398,397,393,389,382,402,411,400,398,395,391,389,390,399,403,402,392,398,394,385,385,400,395,400,400,391,398,380,389,398,403,403,399,390,392,389,391,405,400,402,401,396,393,388,396
2026-06-28T15:35:33.479,411,408,403,398,395,387,394,394,406,400,397,401,392,388,388,387,405,404,401,401,396,392,391,385,407,402,401,395,395,388,382,389,408,403,408,399,398,389,387,384,408,398,395,396,396,398,389,388,407,406,399,394,393,389,397,389,406,402,401,395,397,387,391,386
2026-06-28T15:35:33.577,408,413,403,397,395,397,393,398,406,401,402,395,392,394,385,387,407,406,397,393,397,394,391,389,400,402,397,398,390,395,387,389,404,403,403,403,394,389,387,385,405,398,401,393,399,393,385,391,399,400,397,398,392,386,394,385,420,404,396,397,391,399,391,387
2026-06-28T15:35:33.675,398,403,403,398,394,392,390,391,413,402,397,400,393,398,383,391,408,401,398,400,398,392,391,387,401,403,400,399,393,393,385,385,408,405,402,401,400,392,392,389,408,400,394,395,399,393,391,387,401,407,397,396,394,392,387,388,407,404,395,399,391,395,391,390
2026-06-28T15:35:33.773,411,399,398,401,392,390,394,390,411,407,401,390,391,391,392,390,404,403,401,397,398,392,388,387,403,399,393,400,398,389,392,389,396,403,398,397,397,390,390,392,404,404,401,394,396,392,387,391,404,405,397,389,392,392,391,387,403,404,397,395,391,394,388,392
2026-06-28T15:35:33.872,398,402,402,395,392,395,390,388,407,407,400,395,396,393,387,393,405,405,400,397,394,393,395,388,406,402,403,397,393,392,389,387,405,405,398,400,395,393,389,389,401,403,399,397,396,390,393,386,400,403,399,393,392,395,388,392,417,407,403,393,390,393,389,391
2026-06-28T15:35:33.970,405,408,401,398,396,392,394,385,401,399,401,399,400,391,388,391,404,403,403,402,394,390,389,386,401,400,402,401,396,393,390,390,402,398,403,399,396,385,392,387,407,402,396,398,394,393,392,390,409,397,400,401,391,390,390,389,412,401,398,390,394,390,393,390
2026-06-28T15:35:34.069,396,400,398,396,397,392,394,390,403,405,398,396,395,397,387,392,403,397,402,400,396,389,393,389,405,400,401,395,395,392,387,387,410,407,403,395,397,396,387,384,405,400,400,395,394,396,390,390,404,400,400,400,394,391,389,392,409,404,403,398,392,390,387,390
2026-06-28T15:35:34.167,405,406,404,402,393,396,392,387,407,404,398,399,394,391,387,387,404,400,393,404,398,390,387,390,403,401,400,401,394,391,388,385,400,408,398,400,392,392,389,389,403,400,399,396,395,392,387,386,404,404,401,398,395,387,386,387,414,409,402,395,392,391,391,394
2026-06-28T15:35:34.307,404,406,402,405,395,391,391,395,401,405,401,400,395,395,389,385,401,402,402,393,398,395,391,389,409,396,398,402,393,393,393,387,408,401,399,397,397,387,390,381,403,404,392,400,395,394,386,386,413,400,401,395,396,392,388,385,406,404,396,398,395,394,386,391
2026-06-28T15:35:34.410,410,408,395,398,397,398,391,393,398,401,399,397,392,393,384,390,409,404,395,395,395,390,388,388,409,404,399,399,397,395,391,391,405,403,405,398,397,395,393,389,402,403,399,406,391,393,393,384,402,403,396,402,394,390,388,387,419,397,400,397,394,393,391,393
2026-06-28T15:35:34.486,405,408,402,399,396,395,400,387,408,403,397,399,395,392,389,389,404,399,395,401,396,393,387,384,401,405,394,402,394,392,384,391,411,408,401,402,394,391,394,387,403,402,402,400,392,399,390,387,410,401,396,397,393,390,391,387,406,405,403,394,393,394,394,392
2026-06-28T15:35:34.588,400,397,406,398,390,389,390,383,408,406,394,402,393,390,390,388,404,395,400,392,395,392,394,385,399,401,397,404,396,391,388,389,403,400,399,399,391,388,384,389,399,402,397,400,398,396,393,385,399,403,400,396,393,392,385,391,407,402,400,395,396,390,388,385
2026-06-28T15:35:34.679,404,408,402,398,394,392,385,389,406,405,398,400,397,394,389,391,402,399,399,401,396,394,395,391,408,403,402,399,397,395,388,384,406,396,401,394,396,390,389,386,407,399,401,401,399,394,396,389,404,399,401,400,394,388,392,392,405,404,399,395,389,396,389,389
2026-06-28T15:35:34.771,396,406,400,399,397,392,383,386,402,399,399,395,400,394,389,389,405,406,395,398,397,395,383,390,403,401,399,392,392,396,387,384,408,399,400,397,396,395,387,388,402,404,401,398,397,395,388,394,405,401,398,397,386,390,392,389,409,399,402,401,388,393,387,389
2026-06-28T15:35:34.862,409,403,401,396,394,385,390,388,409,399,397,398,392,389,387,387,403,399,399,396,394,395,388,389,409,407,399,395,397,389,391,387,410,403,400,397,394,390,386,383,403,404,402,396,393,393,384,381,403,402,396,396,395,399,386,389,406,401,397,391,392,390,393,390
2026-06-28T15:35:34.954,410,404,400,395,395,396,392,389,407,401,405,396,390,397,388,391,410,405,401,398,395,393,389,386,403,408,398,399,397,394,389,387,409,402,398,406,392,388,389,384,408,395,396,399,393,392,388,394,405,399,400,399,394,394,388,385,408,402,402,400,395,389,391,391
2026-06-28T15:35:35.062,406,404,401,395,396,393,390,388,414,392,400,396,393,394,386,392,406,398,396,405,398,391,384,387,408,404,392,399,393,395,389,389,403,405,403,402,395,389,387,390,406,399,397,395,396,392,388,383,407,404,400,401,397,392,390,389,415,403,397,397,391,384,385,375
2026-06-28T15:35:35.159,413,400,404,398,395,386,389,389,408,403,397,392,395,389,389,391,407,403,396,397,398,386,393,383,404,406,402,389,401,396,389,390,407,403,399,394,397,390,389,388,399,401,399,399,397,395,390,388,404,399,400,393,389,398,390,384,406,398,396,392,391,392,386,386
2026-06-28T15:35:35.254,411,404,396,397,393,392,393,392,404,401,399,399,397,389,389,387,403,399,403,403,397,390,394,390,408,402,399,403,396,388,387,397,406,396,396,397,393,390,390,382,409,402,398,393,395,397,388,387,407,402,398,398,392,388,386,390,406,395,398,391,396,391,386,389
2026-06-28T15:35:35.348,406,405,400,402,399,394,391,390,404,408,394,398,399,393,390,390,407,404,402,397,398,389,390,391,410,392,398,398,400,392,392,389,402,402,402,399,396,397,391,389,401,401,404,399,393,393,386,385,405,406,397,402,396,386,387,387,410,404,396,395,394,392,385,392
2026-06-28T15:35:35.446,413,404,406,399,395,391,391,386,407,408,402,397,397,391,388,393,409,406,394,399,397,395,389,388,407,403,397,398,391,390,387,391,401,399,393,397,394,391,385,391,400,404,400,397,397,392,393,384,407,404,403,399,392,392,388,388,409,404,398,399,393,390,382,396
2026-06-28T15:35:35.544,410,406,400,399,393,396,389,393,402,400,399,399,392,397,388,393,405,398,399,399,397,395,387,389,404,401,402,398,399,388,393,384,409,409,402,393,394,387,389,385,406,409,398,403,399,389,390,384,406,396,398,394,399,392,391,388,401,405,396,389,390,393,388,386
2026-06-28T15:35:35.644,406,407,402,396,388,389,390,393,406,403,393,399,390,394,388,388,403,402,397,397,397,389,392,386,407,406,395,399,393,395,389,384,410,398,400,401,389,388,385,390,401,405,396,397,397,394,388,386,397,401,397,401,394,392,383,392,411,403,396,399,387,391,386,377
2026-06-28T15:35:35.742,410,404,401,400,398,397,388,396,401,403,401,394,398,393,391,390,407,398,396,392,395,387,388,387,407,401,401,399,393,391,389,392,408,405,401,400,392,396,387,388,405,401,396,395,394,389,391,393,408,400,402,394,387,395,388,389,405,407,403,398,399,389,385,378
2026-06-28T15:35:35.840,405,405,399,402,396,389,385,396,409,398,401,396,397,392,392,383,410,403,398,396,397,393,395,385,404,399,399,399,390,392,389,388,404,404,397,393,393,388,390,390,403,407,402,394,397,393,390,389,405,395,402,399,390,388,390,390,410,405,394,396,394,392,390,390
2026-06-28T15:35:35.939,405,401,399,401,397,391,391,390,419,402,407,397,394,396,387,390,407,399,397,398,397,391,394,383,410,402,404,402,393,394,386,393,404,398,400,397,401,388,387,391,407,399,398,395,396,392,387,386,412,400,393,400,396,392,386,391,416,407,397,398,389,398,387,393
2026-06-28T15:35:36.087,411,405,402,401,392,390,387,391,408,401,400,398,392,391,387,384,402,395,399,400,395,395,393,383,408,401,397,404,393,392,388,390,403,398,402,396,394,390,387,385,403,408,400,405,390,394,390,385,407,403,402,395,396,392,385,384,410,400,399,393,393,391,390,386
2026-06-28T15:35:36.166,396,402,406,395,395,389,397,386,409,402,396,394,396,393,388,390,405,397,402,395,399,395,386,384,406,405,401,402,393,393,394,389,408,406,406,395,400,388,391,385,405,406,398,398,393,387,390,386,401,399,393,398,399,391,388,382,406,396,398,399,393,394,391,388
2026-06-28T15:35:36.287,401,402,403,399,398,396,394,388,407,398,404,395,394,391,384,387,410,403,398,395,398,390,387,383,402,403,397,404,397,392,385,386,405,397,398,392,394,390,390,386,402,408,402,396,395,393,388,386,402,402,397,397,395,390,388,386,408,401,399,400,390,391,386,389
2026-06-28T15:35:36.362,409,402,400,401,394,393,392,390,406,407,399,400,397,390,396,385,402,403,391,398,397,392,387,392,403,403,406,400,393,393,390,389,406,400,396,395,393,391,392,390,412,401,400,403,389,390,390,387,408,401,402,397,394,389,389,389,408,406,393,394,394,390,392,389
2026-06-28T15:35:36.451,412,405,403,395,395,390,390,388,411,400,397,400,396,391,392,386,403,401,397,401,396,392,390,384,397,402,398,400,396,389,389,384,402,397,404,398,393,390,391,386,407,402,395,395,402,388,382,387,402,399,399,400,392,389,391,387,402,408,400,397,395,391,389,384
2026-06-28T15:35:36.533,403,405,403,398,397,391,383,392,402,407,399,400,393,392,389,385,408,402,397,399,396,395,391,384,401,402,399,400,396,394,389,388,405,404,404,398,399,394,389,383,405,404,398,398,397,389,389,391,404,400,398,395,390,384,390,387,404,402,399,398,393,391,389,387
2026-06-28T15:35:36.644,410,408,401,400,395,397,395,393,404,402,397,391,396,394,388,385,404,402,397,401,394,392,388,383,395,400,398,398,393,391,386,381,406,403,396,398,396,388,387,384,404,401,404,399,398,389,380,386,401,401,397,396,395,392,391,392,403,403,398,393,392,390,395,387
2026-06-28T15:35:36.739,405,402,401,402,394,388,396,391,410,404,400,393,390,389,388,390,406,402,399,401,400,391,389,387,401,403,396,401,397,391,387,385,402,405,398,401,398,392,386,384,402,395,403,397,398,395,392,387,411,400,403,399,395,395,387,388,411,399,396,391,392,387,391,388
2026-06-28T15:35:36.834,411,407,401,395,395,390,392,390,406,399,399,397,389,397,390,392,406,406,400,398,396,395,389,388,405,403,399,398,391,392,384,389,402,408,397,399,397,389,390,384,404,404,406,397,399,393,388,388,401,400,397,396,391,389,386,380,410,403,400,398,395,389,387,391
2026-06-28T15:35:36.930,408,400,400,398,393,387,395,392,408,401,399,394,395,394,388,384,401,402,400,402,395,392,388,388,405,403,400,392,398,393,389,389,405,405,396,399,395,394,392,386,403,402,402,404,394,396,390,390,407,399,392,398,394,390,394,382,406,404,395,393,387,396,395,394
2026-06-28T15:35:37.028,402,402,398,398,395,393,387,389,408,406,398,393,394,393,393,388,406,397,404,398,396,390,387,381,405,401,397,399,392,391,388,390,406,403,403,400,391,396,389,382,404,402,396,395,391,390,388,382,407,405,407,399,394,392,389,391,406,400,392,392,391,392,382,396
2026-06-28T15:35:37.123,405,405,401,397,393,395,393,390,404,405,397,392,398,392,387,388,405,398,405,395,396,398,389,388,398,403,391,408,392,393,389,385,402,403,404,399,397,396,387,385,406,402,400,399,394,396,391,384,407,403,398,392,400,393,387,388,411,403,396,396,395,391,390,398
2026-06-28T15:35:37.221,410,402,397,400,395,395,390,398,404,404,399,398,393,390,391,388,406,403,401,401,394,393,386,384,405,406,398,397,396,390,393,391,406,400,396,398,396,394,384,385,403,404,398,401,397,390,391,389,400,401,400,398,398,395,389,385,403,397,398,403,389,392,391,394
2026-06-28T15:35:37.315,399,411,400,396,394,389,392,392,406,399,398,399,389,399,387,388,409,402,397,392,399,395,388,389,403,405,402,400,390,391,393,384,410,411,401,398,398,391,390,386,403,391,402,395,396,393,387,393,403,402,396,396,388,395,388,389,406,406,400,392,391,392,389,392
2026-06-28T15:35:37.423,410,407,402,405,389,388,395,393,405,402,406,398,395,390,388,392,403,408,405,397,400,393,389,388,402,406,397,399,397,393,392,388,404,405,397,397,398,392,387,383,404,398,401,399,395,392,390,389,406,400,397,390,389,388,385,383,411,405,401,394,389,392,394,389
2026-06-28T15:35:37.514,408,407,405,399,398,393,392,387,403,401,403,396,397,397,389,391,407,405,397,395,399,390,388,385,395,403,402,401,393,396,384,387,409,403,397,400,393,388,390,394,399,403,403,398,394,396,390,385,400,402,397,396,395,388,391,388,405,399,408,399,395,385,389,389
2026-06-28T15:35:37.611,409,405,394,398,395,388,395,391,407,397,398,396,395,396,391,389,406,402,399,393,398,394,388,392,403,408,396,401,391,394,393,384,399,401,396,397,397,395,391,385,400,400,403,400,397,392,395,389,409,402,402,396,393,390,384,389,404,394,399,398,386,388,390,392
2026-06-28T15:35:37.709,405,404,407,404,397,394,387,391,403,403,403,392,391,392,384,391,401,401,401,395,398,388,394,391,402,401,397,398,396,396,388,385,402,400,402,398,391,391,388,389,401,400,401,399,390,394,387,392,405,404,400,397,396,396,390,392,401,406,402,390,392,388,387,384
2026-06-28T15:35:37.807,407,410,401,396,397,394,392,387,410,404,396,400,394,390,388,386,406,398,397,400,394,385,387,392,407,402,400,395,393,392,390,387,400,397,407,399,395,393,387,385,404,399,395,393,393,392,387,389,411,399,396,395,394,391,388,389,404,396,402,402,393,395,390,390
2026-06-28T15:35:37.906,410,402,402,403,391,388,395,387,405,407,402,394,393,389,389,385,406,401,403,398,394,393,390,391,408,404,398,401,397,395,392,390,406,398,392,404,395,386,386,387,410,400,403,401,396,392,390,386,398,397,393,394,392,389,391,387,409,399,392,393,391,389,386,395
2026-06-28T15:35:38.052,407,405,396,398,395,391,389,387,410,405,401,392,396,396,387,388,410,404,399,402,395,392,386,388,408,402,400,395,392,393,389,386,406,404,395,398,395,394,389,388,407,407,400,405,395,394,391,389,408,397,394,397,397,391,391,384,407,399,395,399,396,395,392,390
2026-06-28T15:35:38.148,398,405,401,400,395,392,394,384,403,410,404,395,390,391,394,389,408,405,402,397,397,387,382,391,402,398,400,403,395,393,390,381,407,403,405,399,390,390,392,396,404,405,395,407,388,394,385,382,402,402,396,398,395,393,389,390,402,401,395,393,395,392,389,390
2026-06-28T15:35:38.244,404,404,404,398,393,385,398,394,409,403,398,395,394,391,387,389,402,400,394,395,397,391,385,387,401,407,401,400,401,388,388,388,412,401,400,394,401,390,388,380,400,399,394,398,391,393,386,389,406,402,397,402,394,389,389,388,400,401,402,395,391,392,387,399
2026-06-28T15:35:38.353,404,407,396,396,398,392,392,392,408,401,399,398,393,391,387,392,411,406,403,396,398,390,392,392,403,398,402,396,393,394,387,390,404,399,398,395,396,388,391,385,399,400,402,396,397,394,389,388,406,404,400,396,387,393,383,392,403,397,397,396,394,398,388,389
2026-06-28T15:35:38.444,403,412,401,400,393,396,389,396,414,395,401,396,391,393,385,387,405,403,396,399,397,390,385,388,404,398,400,393,398,390,390,388,403,393,395,397,394,389,386,387,406,401,400,396,397,391,392,382,403,400,396,390,395,394,391,385,409,407,403,393,395,388,390,392
2026-06-28T15:35:38.540,407,401,401,401,395,398,394,390,404,404,397,399,396,390,384,386,403,403,408,399,394,394,386,390,407,402,398,398,394,395,390,383,404,407,400,406,393,395,393,388,408,397,401,396,395,393,390,388,400,400,400,395,395,391,386,388,400,403,398,396,388,387,395,391
2026-06-28T15:35:38.637,409,396,400,393,399,393,390,395,404,397,393,391,400,396,388,390,403,403,398,394,395,391,387,391,401,405,404,398,392,392,389,391,412,403,402,396,392,389,389,382,411,398,399,398,393,392,387,382,411,399,397,398,400,389,392,390,406,406,397,395,392,394,387,391
2026-06-28T15:35:38.732,411,404,402,400,392,390,391,390,409,405,402,393,394,397,392,386,407,404,400,399,397,398,390,387,402,404,396,401,401,394,389,384,410,402,401,396,396,391,385,386,405,402,400,391,395,394,386,388,408,409,398,393,390,388,392,384,409,408,395,397,391,396,391,392
2026-06-28T15:35:38.829,408,414,404,396,394,392,393,388,403,398,408,402,388,393,386,392,413,403,399,396,397,391,391,386,406,399,393,400,397,392,391,385,402,402,397,398,392,389,388,385,399,398,398,400,392,391,389,393,407,401,393,401,397,391,387,387,406,400,396,393,394,391,387,391
2026-06-28T15:35:38.909,405,411,399,401,395,393,393,395,399,402,403,393,394,389,387,389,406,401,401,397,392,395,393,386,401,402,397,397,398,388,391,389,407,400,405,401,397,394,387,389,407,401,403,402,394,392,391,383,414,398,404,402,393,389,390,388,408,404,402,391,392,396,391,391
2026-06-28T15:35:39.020,407,409,399,398,393,390,387,396,405,404,400,399,396,393,386,390,403,404,396,397,397,393,389,384,404,399,399,400,392,398,393,386,399,398,402,392,398,392,390,387,402,403,400,396,393,390,389,387,405,401,398,394,399,392,391,390,400,401,395,397,400,393,391,394
2026-06-28T15:35:39.116,405,404,400,397,386,393,393,390,407,403,401,396,391,387,383,386,404,408,405,399,397,386,387,383,398,408,397,400,393,393,389,387,402,395,402,403,393,385,388,387,408,402,401,399,392,392,387,385,406,402,403,395,395,391,389,390,405,399,403,398,395,397,394,390
2026-06-28T15:35:39.212,409,408,401,397,396,390,394,390,408,405,405,397,394,387,388,388,407,411,393,396,395,389,388,386,402,402,402,404,395,390,390,387,398,400,399,402,396,386,388,388,410,403,402,394,394,388,388,390,405,401,399,396,397,391,397,387,405,401,398,397,391,388,387,389
2026-06-28T15:35:39.304,408,405,397,398,391,394,385,391,407,404,400,397,395,388,388,388,404,396,394,395,398,390,391,391,406,407,403,396,392,393,386,391,403,402,400,397,399,391,389,382,400,402,400,396,398,398,386,389,402,403,397,402,394,388,387,390,413,406,401,397,393,392,386,387
2026-06-28T15:35:39.390,413,409,399,394,395,388,394,386,404,403,397,397,396,391,385,387,404,401,403,395,393,389,388,386,406,403,408,399,393,388,384,386,408,404,405,395,400,393,392,386,404,400,397,393,394,392,387,389,402,402,399,397,399,391,391,380,403,404,399,394,393,392,388,390
2026-06-28T15:35:39.482,401,403,400,399,389,383,392,389,407,398,397,401,389,388,388,389,405,401,399,400,393,392,387,383,409,402,397,404,392,392,388,386,402,403,396,394,398,386,391,386,404,402,400,395,396,394,389,381,407,404,398,404,392,390,385,388,413,406,392,393,394,396,390,396
2026-06-28T15:35:39.586,409,407,405,401,391,396,391,384,405,401,398,398,393,393,383,392,406,403,401,398,393,394,393,385,398,402,402,400,396,391,389,385,399,405,396,404,396,393,388,391,404,399,398,401,392,390,389,385,406,401,402,395,394,390,389,387,405,407,403,389,395,389,390,393
2026-06-28T15:35:39.677,409,405,401,397,390,400,400,394,409,405,402,397,393,393,395,390,404,405,400,399,397,392,388,394,407,404,400,401,395,391,390,389,399,403,401,391,402,392,387,381,401,403,398,396,398,389,386,388,402,400,401,395,392,388,395,387,407,397,406,391,395,393,390,390
2026-06-28T15:35:39.774,404,403,397,394,395,395,395,392,404,405,398,393,395,390,391,389,402,404,390,397,389,395,386,387,401,403,402,396,394,392,389,387,407,401,393,395,398,388,382,383,405,403,406,395,399,389,393,389,402,405,400,390,389,394,387,391,409,407,398,396,391,391,388,393
2026-06-28T15:35:39.873,408,411,404,396,396,394,387,393,403,403,401,396,393,393,389,386,403,404,404,392,399,389,387,392,401,400,395,400,398,391,391,384,410,400,404,401,399,391,390,390,404,405,398,392,396,392,389,384,404,394,398,401,393,386,390,394,408,403,396,399,390,388,392,393
2026-06-28T15:35:39.971,404,403,398,398,393,390,392,391,403,406,398,403,397,392,385,387,406,399,403,396,396,389,389,386,409,401,402,401,397,395,389,387,408,402,400,403,394,389,390,384,404,398,396,401,388,386,386,390,404,402,401,393,400,386,387,389,407,397,394,393,393,392,390,398
2026-06-28T15:35:40.070,413,393,402,397,393,395,386,390,404,401,400,394,389,392,388,390,406,398,397,397,393,393,387,388,408,402,403,400,393,391,384,387,399,407,402,402,392,396,386,381,404,397,404,398,393,391,385,382,408,405,401,399,400,396,386,392,403,403,402,401,394,393,390,392
2026-06-28T15:35:40.168,407,405,402,396,396,392,387,385,401,411,397,397,395,393,387,395,404,400,402,395,393,391,388,381,400,401,398,392,396,393,389,387,405,400,395,402,395,388,388,387,404,403,397,396,396,394,386,383,408,398,398,394,396,395,391,390,405,404,399,401,393,394,387,392
2026-06-28T15:35:40.267,410,400,400,396,394,391,387,388,407,407,399,399,395,393,388,387,406,396,400,398,400,393,391,389,401,406,400,396,395,396,390,386,405,407,401,395,394,390,387,384,403,399,402,400,392,389,389,389,405,407,399,394,391,393,390,382,405,403,398,394,392,392,387,391
2026-06-28T15:35:40.364,410,402,396,395,394,394,392,392,403,402,400,394,398,392,390,389,407,402,402,394,394,389,389,384,407,399,400,396,401,396,390,393,408,398,403,400,398,391,390,386,404,400,396,395,392,396,386,391,403,407,397,401,392,387,387,388,409,408,404,402,397,394,392,387
2026-06-28T15:35:40.501,417,411,397,398,396,396,390,391,403,406,401,403,391,391,389,392,401,400,401,401,396,391,391,378,415,409,401,400,392,396,389,386,402,401,400,401,392,391,391,386,401,401,394,397,396,395,386,392,409,404,403,402,394,400,391,390,406,403,406,395,395,392,390,392
2026-06-28T15:35:40.612,402,396,397,401,394,395,390,389,404,409,399,398,390,388,391,389,405,400,396,402,391,392,392,393,408,398,403,404,391,391,391,391,404,408,404,400,396,391,389,383,405,404,403,399,397,394,384,393,409,403,398,394,389,398,391,387,401,402,400,395,390,393,388,391
2026-06-28T15:35:40.703,413,403,401,395,392,389,395,393,414,405,397,399,398,387,391,390,411,404,402,393,401,389,396,382,407,401,397,397,395,389,395,386,406,408,397,403,396,394,389,385,405,400,397,401,396,386,390,388,404,404,396,400,390,390,386,384,413,399,403,396,392,389,392,393
2026-06-28T15:35:40.794,411,404,404,396,396,390,390,390,404,402,398,399,391,392,389,389,406,399,399,397,397,388,386,389,399,405,402,395,394,392,389,388,411,399,399,396,392,391,390,385,406,398,400,395,396,389,392,390,410,398,394,392,396,392,390,385,402,406,401,395,388,391,394,396
2026-06-28T15:35:40.873,404,407,399,397,395,391,393,385,410,399,404,402,397,392,387,392,405,407,396,398,399,388,392,385,401,397,401,406,398,395,390,389,407,401,399,393,392,388,387,390,408,403,401,396,397,396,388,387,406,406,396,389,392,396,388,390,400,401,399,397,395,391,386,385
2026-06-28T15:35:40.980,408,405,401,400,392,396,393,394,405,400,393,394,396,389,387,385,402,404,399,396,397,390,394,388,398,402,398,404,397,397,390,395,402,402,398,397,394,387,393,388,405,404,399,396,393,389,385,383,410,396,396,400,392,390,389,394,402,401,398,391,390,395,389,388
2026-06-28T15:35:41.070,403,402,399,396,396,392,392,387,402,400,395,395,398,395,391,390,407,400,399,399,399,397,391,389,402,409,400,398,393,393,392,384,405,403,395,399,393,390,390,386,407,401,403,407,398,401,387,389,409,397,399,387,394,388,392,392,413,405,400,399,391,390,389,390
2026-06-28T15:35:41.162,413,405,401,395,394,390,394,385,414,407,401,398,398,394,388,394,404,403,402,395,397,390,384,382,402,404,392,399,399,389,390,390,407,410,394,398,395,387,386,391,408,398,399,401,393,390,388,386,402,399,398,394,390,396,392,388,411,408,399,392,391,392,387,391
2026-06-28T15:35:41.254,402,406,404,398,393,393,390,391,402,404,396,396,396,394,389,384,411,403,403,395,396,391,396,385,404,405,396,396,393,398,394,384,402,404,396,400,400,390,390,382,409,406,399,397,396,390,390,390,407,399,401,399,392,389,387,387,407,394,405,399,389,395,384,396
2026-06-28T15:35:41.358,417,402,401,398,393,392,387,390,408,399,401,401,387,394,388,391,403,404,400,396,397,394,386,387,402,407,399,397,393,391,387,384,407,406,407,397,395,393,393,390,401,400,399,400,393,393,391,383,411,400,398,394,391,394,388,385,406,400,396,399,392,395,386,390
2026-06-28T15:35:41.455,409,405,401,400,396,394,382,385,402,395,398,391,393,389,384,393,397,403,402,395,397,392,390,387,406,395,404,395,399,391,387,384,405,402,395,397,404,393,392,385,403,397,397,395,394,393,389,381,399,400,405,402,396,392,395,397,413,409,400,394,392,397,387,383
2026-06-28T15:35:41.550,406,400,399,397,397,389,395,393,414,400,399,395,394,394,387,390,407,402,400,396,398,391,391,390,405,400,393,403,396,388,391,391,404,412,402,401,395,388,386,390,407,401,397,401,391,399,389,382,403,401,398,396,387,390,391,390,405,405,395,401,390,394,392,395
2026-06-28T15:35:41.659,409,398,400,397,394,388,393,391,401,406,401,397,394,389,389,389,400,398,397,402,400,390,392,389,405,400,402,399,391,394,388,383,406,404,401,399,394,390,387,393,399,400,400,403,394,394,388,386,403,404,400,392,394,388,389,389,408,407,398,398,391,395,389,393
2026-06-28T15:35:41.743,406,402,400,401,393,388,393,390,405,401,398,397,393,392,391,385,410,404,398,403,399,392,390,386,410,400,394,400,394,397,382,388,407,401,397,398,396,391,391,381,404,399,407,398,395,395,389,387,402,404,401,396,397,392,391,382,414,406,395,403,390,391,392,395
2026-06-28T15:35:41.841,407,402,405,400,395,394,388,387,408,404,399,394,394,389,386,385,402,405,398,395,396,395,392,387,405,402,396,402,395,390,390,391,402,409,402,395,396,392,385,390,408,402,403,400,394,392,387,387,403,395,401,396,398,391,388,392,407,408,394,395,386,392,394,386
2026-06-28T15:35:41.938,406,409,399,397,395,393,389,387,403,406,403,395,396,388,388,387,403,394,401,399,396,395,395,385,404,400,398,402,390,389,392,385,406,404,400,402,394,390,392,384,406,401,397,393,391,396,391,386,405,398,403,397,399,387,385,387,410,406,402,394,390,394,387,392
2026-06-28T15:35:42.037,414,401,399,398,389,391,384,384,409,398,398,394,393,388,386,387,398,404,400,393,397,388,385,388,397,397,400,393,393,395,384,383,409,397,393,394,392,388,387,385,402,392,396,391,388,387,389,381,401,393,397,390,390,387,385,383,401,395,401,393,387,393,390,386
2026-06-28T15:35:42.135,401,394,389,383,384,381,378,385,393,389,385,386,383,378,379,382,397,393,386,386,383,378,379,377,399,390,391,384,387,372,377,379,390,387,385,386,385,384,375,372,394,392,390,382,390,384,380,376,398,393,385,388,380,379,375,376,398,387,390,387,385,381,380,376
2026-06-28T15:35:42.264,380,380,374,376,370,371,365,368,384,385,380,375,374,374,367,366,385,377,373,376,374,378,362,365,394,384,376,377,374,363,362,374,379,376,378,377,374,370,367,364,381,377,370,375,376,371,367,365,381,383,380,376,375,368,366,366,387,380,376,374,369,365,367,368
2026-06-28T15:35:42.389,383,377,373,371,365,366,361,366,373,372,374,364,368,361,366,363,373,369,372,365,370,366,358,360,375,372,375,373,366,362,360,358,379,370,372,370,364,368,360,361,376,369,371,368,367,364,364,360,371,374,371,373,369,367,364,363,382,374,369,372,363,363,364,363
2026-06-28T15:35:42.478,380,374,370,364,360,363,360,362,371,370,370,363,362,361,356,358,374,371,366,367,366,365,361,355,381,371,369,365,365,362,358,359,372,363,371,369,369,358,362,359,376,372,370,366,364,362,356,354,375,373,372,372,363,361,361,354,380,372,367,358,362,358,361,366
2026-06-28T15:35:42.556,378,369,370,370,364,363,360,359,379,373,373,366,362,365,363,358,377,374,366,367,370,362,352,356,374,371,370,370,365,367,359,361,380,375,369,368,365,364,359,357,376,371,366,374,363,363,357,356,375,369,366,370,369,364,360,356,383,376,370,368,365,364,357,360
2026-06-28T15:35:42.644,375,368,368,367,361,363,361,359,367,370,370,367,363,368,362,359,371,371,366,365,368,362,357,356,377,368,369,371,368,361,358,356,378,369,366,375,367,361,362,354,377,376,371,372,370,359,357,359,375,371,371,369,366,364,362,360,374,376,372,366,367,364,358,364
2026-06-28T15:35:42.741,373,374,372,370,364,366,359,364,375,375,367,369,362,364,362,361,374,372,365,366,364,362,358,357,374,372,367,369,361,365,356,363,377,374,368,369,365,364,360,356,373,371,365,371,363,365,362,357,376,373,371,367,367,361,361,358,375,373,368,364,362,359,361,359
2026-06-28T15:35:42.851,381,368,370,371,366,361,363,360,371,374,367,364,360,362,361,361,376,372,373,362,367,361,356,363,368,369,374,374,361,360,361,355,374,371,372,366,366,363,364,355,370,372,369,364,367,358,362,356,375,371,374,365,358,362,362,355,377,373,368,365,365,362,359,359
2026-06-28T15:35:42.932,373,370,367,367,369,361,364,357,375,372,363,362,363,358,358,360,371,379,373,365,362,364,362,357,376,372,368,363,366,363,356,359,377,374,368,371,368,359,362,358,373,367,369,363,368,362,359,356,370,367,365,367,367,361,358,357,374,371,371,370,370,361,365,359
2026-06-28T15:35:43.033,381,371,368,364,362,358,358,364,383,373,368,372,368,366,354,363,371,365,367,364,367,362,360,359,374,376,367,369,364,366,364,358,375,367,375,366,371,362,357,362,375,368,374,373,356,367,364,358,373,369,367,371,366,359,362,361,379,373,367,365,362,368,363,354
2026-06-28T15:35:43.120,376,368,367,365,365,362,361,358,377,371,373,366,359,361,356,364,371,369,364,363,363,362,359,354,376,362,370,370,366,365,361,358,369,373,371,367,365,359,361,360,371,374,367,364,364,360,362,357,376,374,367,371,361,362,361,356,379,377,365,365,360,366,363,358
2026-06-28T15:35:43.223,389,373,371,366,364,363,358,362,373,374,368,360,362,361,360,358,378,375,370,366,366,362,362,356,375,371,372,370,362,366,361,353,378,370,376,372,369,362,359,358,368,373,371,362,365,358,362,357,370,373,367,364,365,365,361,356,384,379,370,368,359,359,362,362
2026-06-28T15:35:43.317,380,366,372,372,363,361,357,359,371,370,367,369,365,358,359,357,374,377,366,364,363,360,361,352,373,367,370,376,365,362,363,349,373,374,369,367,366,366,359,359,375,369,376,364,365,363,355,360,372,374,364,361,365,362,357,360,374,372,367,367,362,357,360,357
2026-06-28T15:35:43.414,373,375,366,367,366,361,364,360,376,367,368,366,363,360,361,362,377,369,367,366,366,362,358,362,379,379,366,366,365,364,353,357,372,365,366,372,367,362,359,355,377,374,365,367,366,367,360,359,377,374,370,361,363,355,356,356,376,375,368,370,367,363,366,359
2026-06-28T15:35:43.513,380,375,374,369,362,366,360,363,381,372,367,365,366,359,363,359,375,374,371,364,362,358,360,357,377,372,366,370,367,359,354,362,374,378,371,371,368,363,363,356,371,367,372,367,366,359,359,359,374,368,374,370,361,364,360,354,375,372,369,368,359,363,360,364
2026-06-28T15:35:43.611,380,376,367,371,363,358,362,364,373,380,369,367,364,363,360,358,376,372,370,371,365,360,359,357,379,371,371,368,364,366,358,359,376,381,370,367,369,361,359,353,374,364,365,369,365,364,361,355,374,373,367,365,362,360,361,359,377,377,366,370,366,361,360,359
2026-06-28T15:35:43.745,380,373,371,363,361,368,363,359,369,372,374,366,367,360,358,358,373,369,373,365,366,359,358,358,370,369,372,373,364,367,355,355,373,372,372,371,369,355,364,359,371,374,365,368,365,364,361,358,377,371,367,370,369,362,356,359,376,368,370,369,362,361,362,360
2026-06-28T15:35:43.852,382,374,365,363,367,360,360,364,373,371,367,366,361,366,360,361,374,367,369,362,370,360,359,361,380,373,366,369,372,362,363,356,374,362,368,369,367,359,361,357,374,375,367,366,365,366,359,362,376,369,366,371,366,367,354,356,383,373,369,367,360,358,361,358
2026-06-28T15:35:43.939,375,370,369,366,364,360,360,365,375,372,372,365,360,362,362,362,373,378,366,369,366,360,361,354,377,370,370,367,366,363,361,362,373,371,367,367,364,364,359,355,374,377,365,368,369,358,360,355,377,371,363,363,360,366,364,358,377,375,372,369,367,369,365,360
2026-06-28T15:35:44.035,374,375,369,366,363,364,358,362,378,370,373,365,362,362,357,353,371,367,374,363,371,362,357,357,377,373,369,366,366,362,359,358,369,374,366,365,367,364,362,356,375,369,367,363,363,363,361,352,376,369,364,363,364,362,355,356,372,371,370,367,365,359,357,357
2026-06-28T15:35:44.126,359,365,367,365,355,356,349,363,371,366,361,361,358,354,353,353,371,367,362,365,358,360,354,351,367,361,363,360,358,355,356,355,370,360,362,363,356,355,353,348,367,362,366,357,358,350,350,347,373,364,360,361,359,359,351,359,376,366,366,363,352,357,352,355
2026-06-28T15:35:44.227,355,357,350,347,344,347,345,346,363,355,354,346,351,341,345,343,354,352,356,354,346,351,344,344,358,351,355,343,349,342,342,340,361,350,352,353,350,345,340,345,356,352,357,352,355,348,343,344,357,355,353,352,347,343,341,340,358,351,353,344,342,343,343,340
2026-06-28T15:35:44.369,346,350,344,340,338,338,335,331,350,344,343,342,341,334,335,329,349,346,341,339,342,335,336,334,348,341,343,334,338,335,336,330,347,349,350,340,338,336,336,332,345,343,350,339,345,339,335,333,348,343,347,341,342,338,336,335,347,343,349,339,339,336,336,333
2026-06-28T15:35:44.434,345,342,337,335,338,332,335,334,346,337,338,335,331,336,334,330,345,342,336,339,338,329,330,327,337,343,338,336,336,329,331,327,344,345,335,339,338,333,328,329,342,334,341,339,336,330,335,330,342,347,338,333,334,335,332,331,343,341,336,331,334,337,330,326
2026-06-28T15:35:44.523,344,345,341,336,334,334,331,334,343,340,336,339,333,335,325,326,345,340,338,333,330,332,332,327,347,339,339,339,336,333,329,329,342,342,339,337,337,335,333,329,346,338,340,341,337,331,332,325,344,344,334,336,336,329,329,333,343,345,340,337,334,335,331,331
2026-06-28T15:35:44.628,343,343,336,334,336,334,332,331,347,343,334,337,335,334,335,330,343,340,343,336,336,329,333,327,345,340,340,334,333,331,330,328,338,339,337,340,334,333,335,328,341,343,340,338,335,328,329,329,346,341,341,339,336,331,333,333,339,339,338,332,332,332,332,331
2026-06-28T15:35:44.726,347,340,337,335,333,336,330,332,339,339,340,333,334,333,330,328,346,341,340,343,337,334,334,329,343,344,342,337,339,333,326,330,345,340,343,337,334,333,329,328,339,341,340,334,334,334,328,327,347,344,340,341,334,332,329,328,349,347,339,339,337,334,329,331
2026-06-28T15:35:44.811,353,344,343,339,334,333,333,333,345,340,332,342,335,333,329,331,342,343,339,333,339,330,331,332,343,341,337,339,333,334,332,329,348,348,335,339,338,330,327,329,343,344,339,337,338,334,327,329,345,340,341,336,332,331,331,333,348,345,338,341,334,334,330,333
2026-06-28T15:35:44.914,347,347,339,338,340,333,334,334,343,338,339,340,331,331,327,329,343,340,340,334,336,332,328,327,344,342,339,336,332,335,333,333,345,338,345,337,335,332,332,331,343,345,335,333,336,336,330,330,343,340,338,333,334,332,327,326,340,342,339,337,340,333,332,335
2026-06-28T15:35:45.003,339,343,343,333,331,333,329,328,338,342,344,339,336,335,331,330,343,342,338,339,338,335,327,322,342,343,339,340,337,334,329,327,344,339,343,340,339,332,330,329,346,343,344,339,337,330,326,325,342,344,338,336,335,330,333,328,345,344,340,340,334,337,328,336
2026-06-28T15:35:45.098,350,350,336,338,334,333,332,335,347,339,339,339,336,332,330,332,341,342,340,336,337,330,328,327,336,337,347,338,334,334,324,325,345,340,337,337,336,335,330,324,339,339,344,339,331,329,329,330,343,344,334,336,338,325,334,334,344,346,331,340,333,330,327,330
2026-06-28T15:35:45.204,350,350,345,341,337,333,335,332,348,341,336,336,332,335,334,328,342,337,340,335,339,326,331,330,344,340,339,336,337,340,332,327,345,335,336,339,334,329,335,325,346,341,342,337,335,332,329,325,341,338,338,331,336,330,331,328,340,345,341,335,333,332,331,331
2026-06-28T15:35:45.290,348,343,350,334,336,338,332,333,342,342,340,337,334,329,326,331,346,341,340,332,338,333,330,328,342,339,338,340,334,329,328,328,346,343,341,339,334,333,334,329,345,341,339,335,336,326,330,327,345,339,339,335,333,336,331,331,346,338,339,336,335,331,332,331
2026-06-28T15:35:45.382,347,339,338,335,328,339,332,336,346,341,339,341,333,332,332,329,346,341,342,340,335,332,336,328,342,339,340,336,339,334,329,334,350,340,336,338,336,333,330,329,344,339,340,339,337,335,327,329,344,342,337,340,332,335,330,331,356,345,338,337,338,333,328,330
2026-06-28T15:35:45.484,343,346,334,336,333,332,331,331,343,342,336,334,330,334,327,328,346,340,339,338,338,334,327,329,342,338,338,340,339,331,327,332,341,344,340,342,334,329,331,325,340,346,341,333,333,330,332,328,343,334,339,339,336,331,332,329,350,346,339,336,335,332,330,328
2026-06-28T15:35:45.578,347,345,341,337,336,329,329,334,346,339,340,340,333,329,331,328,341,340,336,336,339,332,330,329,345,342,337,340,336,333,332,327,348,331,344,333,335,333,334,328,343,341,339,331,337,332,333,330,336,338,341,336,333,334,335,335,351,340,339,340,336,336,329,334
2026-06-28T15:35:45.677,345,341,337,338,334,328,331,331,347,342,340,336,330,331,329,331,340,344,338,335,336,331,328,326,345,341,343,343,338,332,330,327,343,339,339,340,336,331,331,324,344,344,338,340,328,332,326,332,348,341,336,344,332,336,333,329,348,340,343,338,332,335,331,330
2026-06-28T15:35:45.776,348,346,338,336,337,333,335,336,343,342,336,337,332,336,328,329,346,341,344,342,334,333,333,327,347,339,338,337,327,329,331,330,342,343,338,337,336,333,327,329,337,342,339,336,336,332,328,330,341,340,339,336,334,328,336,330,349,344,336,338,330,335,329,328
2026-06-28T15:35:45.874,347,342,342,340,334,336,329,330,346,343,339,332,335,336,328,331,342,344,340,339,335,332,327,332,340,344,339,333,332,334,334,329,349,341,336,341,338,333,330,329,345,338,337,335,335,331,328,334,342,342,336,332,334,331,328,332,342,339,340,341,329,333,328,332
2026-06-28T15:35:46.005,349,338,342,336,335,336,331,331,343,344,341,335,333,332,333,330,348,342,340,337,339,333,329,332,346,337,340,332,338,332,331,328,344,341,338,339,336,333,330,326,349,343,334,339,335,329,331,328,344,341,335,340,335,332,330,327,343,347,336,339,327,332,328,330
2026-06-28T15:35:46.106,334,339,335,334,333,325,333,327,343,341,334,335,333,329,324,323,340,338,337,338,332,331,328,327,342,339,337,333,334,331,329,324,340,335,333,338,332,331,329,332,343,342,341,329,333,326,328,325,337,337,337,332,330,332,325,327,337,336,332,332,330,331,329,330
2026-06-28T15:35:46.209,334,331,330,327,324,321,321,325,337,327,329,327,323,320,320,318,333,331,323,327,323,323,317,318,332,324,326,330,326,321,319,316,326,333,329,325,323,326,316,323,332,326,329,322,328,319,323,313,330,329,328,323,322,320,320,318,341,334,329,323,323,315,320,319
2026-06-28T15:35:46.292,321,320,314,317,313,312,309,312,321,316,319,310,314,311,309,308,319,316,315,317,312,312,312,305,323,318,319,311,315,306,309,305,320,318,323,320,318,312,309,305,320,321,315,318,316,309,312,306,317,313,313,317,311,315,313,310,331,320,316,312,316,309,309,302
2026-06-28T15:35:46.445,321,312,306,308,306,306,298,307,315,314,313,311,310,307,302,303,314,311,314,313,312,308,306,301,318,318,310,307,307,304,307,304,319,317,310,312,309,307,301,300,312,311,317,312,309,306,301,303,317,316,312,308,307,307,304,299,317,315,309,311,305,307,305,302
2026-06-28T15:35:46.467,318,311,312,310,309,306,300,305,317,312,308,306,304,303,303,304,312,310,315,309,307,304,297,301,314,309,312,311,305,305,295,298,313,308,314,308,306,301,304,300,311,311,314,308,301,302,304,305,312,308,311,310,309,303,303,301,312,311,306,305,305,306,304,300
2026-06-28T15:35:46.562,314,310,309,306,303,313,303,302,316,309,311,308,303,308,302,297,315,307,310,307,306,304,302,302,313,311,311,307,306,305,303,301,317,310,312,309,306,303,301,300,309,312,314,305,304,300,301,302,312,312,311,308,308,302,303,302,321,314,309,305,307,306,299,303
2026-06-28T15:35:46.661,317,315,308,304,305,304,301,306,312,310,310,312,306,307,300,300,312,311,310,309,307,302,304,299,312,310,312,305,304,305,303,303,313,309,310,311,306,303,300,302,313,308,310,307,306,303,301,301,314,310,308,312,304,301,306,297,309,309,307,303,308,303,301,308
2026-06-28T15:35:46.760,320,312,312,307,305,306,298,306,317,309,309,305,301,306,299,305,317,311,311,309,304,304,302,301,315,309,312,312,310,302,298,301,313,316,311,308,306,304,300,301,314,316,314,310,303,306,303,302,312,310,308,311,307,302,301,301,316,311,306,304,303,309,302,302
2026-06-28T15:35:46.858,313,317,310,303,300,300,302,296,313,313,312,309,306,303,306,297,315,309,310,310,306,305,304,300,318,313,306,310,303,307,298,303,314,309,306,311,310,304,303,299,313,313,312,311,305,303,305,302,308,312,311,308,307,308,301,301,312,307,305,306,310,309,302,301
2026-06-28T15:35:46.957,314,314,312,308,306,299,303,302,313,310,304,310,305,306,304,302,313,311,312,308,305,307,304,301,316,310,316,305,304,309,298,298,311,312,310,307,306,300,305,302,309,314,312,308,305,304,303,301,309,309,307,308,305,307,306,297,321,309,305,309,306,304,302,299
2026-06-28T15:35:47.054,315,311,307,307,304,300,303,300,316,307,308,304,307,304,302,302,313,309,312,307,306,307,300,301,316,309,310,305,303,303,301,303,312,309,311,307,307,303,303,307,311,310,316,306,304,307,295,298,312,314,306,310,303,305,307,299,319,312,309,305,305,305,303,299
2026-06-28T15:35:47.153,324,315,306,305,305,308,303,299,306,310,308,305,308,303,300,303,317,315,311,312,304,299,299,302,309,316,308,307,306,306,300,303,316,314,310,311,307,302,304,299,311,311,311,308,307,305,303,302,319,309,310,309,306,302,300,300,318,310,310,306,307,304,305,302
2026-06-28T15:35:47.252,314,310,308,308,308,301,306,301,319,313,309,310,306,305,303,300,313,316,309,311,309,303,298,299,307,312,313,310,310,306,303,303,316,311,304,307,303,304,302,302,309,319,308,308,306,297,305,304,309,312,309,307,305,301,300,297,315,315,312,305,306,304,303,303
2026-06-28T15:35:47.386,317,316,308,305,306,303,303,302,321,308,311,305,303,305,302,300,314,308,308,313,308,307,305,304,315,316,314,314,306,304,303,302,319,313,315,310,307,303,302,300,310,313,313,309,306,303,302,300,317,311,308,309,308,305,303,304,321,312,307,310,307,299,301,301
2026-06-28T15:35:47.485,314,318,310,308,304,299,303,299,313,309,310,309,308,304,303,300,314,308,310,311,305,303,304,300,313,310,310,308,303,306,303,300,313,307,310,311,303,300,306,303,310,314,313,308,305,304,304,300,312,312,309,308,306,302,302,298,320,309,308,311,306,304,304,305
2026-06-28T15:35:47.573,318,313,311,307,303,302,306,299,314,309,308,308,303,305,302,299,315,314,311,304,307,302,302,301,313,310,313,313,303,307,298,298,313,312,312,309,303,304,306,300,311,316,312,311,306,303,303,298,315,314,312,308,304,308,301,297,312,310,308,308,306,302,306,305
2026-06-28T15:35:47.664,312,304,308,307,305,302,304,304,318,306,307,308,304,303,298,300,312,312,304,309,306,307,302,299,314,315,305,309,306,308,296,302,316,313,303,309,306,306,305,299,313,311,307,308,306,305,303,301,315,312,308,305,303,301,301,300,313,311,309,306,299,306,302,301
2026-06-28T15:35:47.756,326,316,315,305,305,303,303,301,319,312,310,307,307,305,301,302,310,311,307,310,307,305,304,301,308,314,315,311,302,303,302,303,317,310,310,303,307,304,299,297,311,311,310,308,306,303,303,303,311,312,310,307,309,299,303,299,314,311,309,310,306,304,300,302
2026-06-28T15:35:47.848,315,312,305,304,305,304,304,302,317,312,306,308,306,309,302,301,316,309,312,308,308,304,303,303,311,311,310,309,309,302,298,301,313,310,311,308,307,301,301,304,311,311,311,311,304,305,301,302,310,310,309,313,310,306,306,302,319,313,308,308,302,303,303,301
2026-06-28T15:35:47.949,323,314,312,308,304,305,297,304,308,309,314,312,307,307,301,301,314,315,310,309,310,302,303,298,308,309,307,308,304,304,301,296,318,310,309,308,304,302,306,302,315,313,311,306,305,308,301,300,314,313,309,302,311,307,300,299,319,311,311,309,311,302,305,304
2026-06-28T15:35:48.040,314,311,308,308,301,301,302,299,313,310,305,307,305,307,302,296,312,312,310,308,308,303,298,300,312,314,310,303,305,301,300,302,313,312,310,305,306,302,299,299,309,313,308,310,304,303,302,300,311,313,315,305,303,301,301,300,318,308,311,307,304,305,304,298
2026-06-28T15:35:48.140,309,309,304,301,298,300,297,293,314,306,303,303,296,296,295,295,306,306,305,305,300,297,294,292,306,307,309,300,301,294,295,291,310,309,310,303,298,300,297,298,307,306,307,299,300,296,301,294,306,307,306,305,303,297,298,292,307,302,306,301,302,294,302,293
2026-06-28T15:35:48.244,299,296,290,293,289,286,285,288,297,290,295,290,290,283,285,281,299,295,291,288,288,287,285,285,303,293,293,293,295,286,286,283,303,295,295,297,289,288,284,283,298,293,299,290,292,283,286,281,294,295,294,295,290,289,284,286,299,296,294,285,288,282,288,287
2026-06-28T15:35:48.333,288,289,285,285,281,279,275,279,292,277,282,281,281,278,277,276,293,287,286,283,281,280,276,278,292,282,290,284,283,280,281,278,289,292,287,286,283,280,278,278,288,285,288,289,282,278,281,275,287,285,281,282,278,282,275,276,296,284,286,283,278,275,275,276
2026-06-28T15:35:48.465,289,281,284,280,274,279,273,276,286,280,278,277,275,275,276,272,282,285,282,281,281,275,277,272,282,279,285,284,279,275,276,271,283,281,280,280,276,276,275,271,283,282,282,281,276,277,276,270,285,278,279,277,276,275,271,270,289,285,279,278,276,276,272,278
2026-06-28T15:35:48.530,285,282,281,282,275,277,276,278,286,285,282,276,279,277,271,272,284,280,279,278,279,276,273,270,284,284,283,282,278,277,274,272,282,281,283,281,278,275,278,273,284,281,277,279,279,277,274,271,284,281,278,282,285,274,277,271,291,275,281,278,278,275,275,276
2026-06-28T15:35:48.628,285,279,279,278,279,272,275,274,284,281,280,281,275,276,271,271,286,280,279,279,278,278,274,274,283,279,282,282,277,278,274,272,281,280,287,281,276,276,275,273,286,280,284,281,278,278,278,269,283,281,280,275,280,280,275,276,288,281,280,275,272,274,277,272
2026-06-28T15:35:48.727,282,281,282,276,272,278,276,273,287,283,281,280,278,273,274,269,283,283,278,277,283,276,274,275,286,281,282,281,275,274,273,271,285,280,284,278,273,275,277,270,282,287,281,275,277,277,273,272,278,278,278,281,280,275,271,275,289,282,279,277,277,275,274,274
2026-06-28T15:35:48.830,289,285,283,276,273,277,275,275,290,279,278,274,276,275,272,272,286,283,281,281,282,274,275,271,285,276,283,280,274,275,274,270,285,278,280,283,275,269,277,271,280,283,281,280,276,274,275,274,285,281,280,281,280,276,271,275,289,281,277,277,274,274,273,272
2026-06-28T15:35:48.924,287,282,283,280,279,275,277,273,288,283,282,280,278,275,273,272,287,280,281,281,280,278,275,273,286,281,286,277,276,277,276,272,285,283,285,277,276,271,274,271,280,284,283,280,280,274,274,271,287,287,282,279,281,275,271,272,282,283,276,279,278,275,272,274
2026-06-28T15:35:49.023,290,285,279,274,276,275,275,277,283,282,275,281,274,274,271,270,289,278,282,281,281,281,280,274,282,281,280,280,278,278,271,274,284,283,282,278,279,275,271,270,285,280,281,279,278,277,272,272,281,278,280,279,279,276,270,268,286,284,278,278,275,277,277,275
2026-06-28T15:35:49.121,287,283,279,278,274,276,273,273,287,281,278,279,276,275,274,275,287,280,286,279,281,277,274,272,286,280,287,282,274,276,269,275,288,280,283,281,280,273,274,274,282,279,281,280,285,274,275,272,284,286,279,282,280,276,273,273,286,286,279,278,277,277,275,273
2026-06-28T15:35:49.218,288,282,281,279,275,275,277,272,283,282,278,282,280,274,271,274,285,282,278,280,278,274,273,271,288,282,284,282,275,277,273,270,284,283,281,284,277,273,269,273,284,283,280,280,277,276,276,272,287,281,281,276,280,275,274,272,288,284,277,277,279,276,275,275
2026-06-28T15:35:49.317,288,282,284,281,273,274,271,276,284,280,277,275,279,276,270,275,283,279,278,282,280,278,275,275,286,279,284,280,276,277,275,271,283,284,280,279,275,276,275,269,290,278,287,280,281,279,275,271,287,279,281,284,282,277,277,275,286,281,282,281,276,279,275,273
2026-06-28T15:35:49.416,286,281,282,278,275,275,275,276,283,280,278,276,274,274,277,272,287,285,282,279,280,277,276,271,284,287,284,280,274,278,275,273,286,279,281,282,278,274,274,272,282,284,284,279,276,275,275,274,281,276,281,280,273,279,275,271,283,279,276,280,277,272,273,275
2026-06-28T15:35:49.547,287,283,281,278,276,277,278,273,284,287,276,279,273,275,273,273,283,278,281,278,282,274,274,272,283,281,287,283,275,275,276,272,286,285,284,280,277,272,277,269,281,278,281,279,281,277,273,267,284,279,277,276,277,280,271,270,285,285,281,277,278,277,280,272
2026-06-28T15:35:49.651,288,282,279,279,277,276,271,278,290,282,279,280,274,274,272,273,288,284,278,279,279,277,275,269,286,284,284,277,275,276,271,271,283,282,283,278,276,272,277,269,286,284,286,281,279,274,273,275,287,280,282,277,277,279,276,272,286,283,279,279,275,273,269,270
2026-06-28T15:35:49.735,286,280,282,271,277,278,276,275,284,279,280,276,274,275,272,273,287,283,279,279,274,274,273,273,284,281,283,282,275,277,273,276,288,281,282,279,278,277,276,271,283,282,278,282,275,276,273,272,287,281,278,278,281,272,270,272,287,282,276,275,276,275,274,271
2026-06-28T15:35:49.843,286,283,278,281,273,273,271,275,290,282,279,276,274,275,273,270,285,278,281,283,281,276,270,271,285,281,282,281,278,273,277,272,280,281,284,280,277,276,277,275,282,281,286,280,275,277,275,270,288,283,276,282,281,275,271,269,288,281,278,273,276,273,268,273
2026-06-28T15:35:49.928,288,284,274,278,274,271,272,279,285,282,282,280,277,278,271,272,287,283,281,280,275,275,270,270,283,284,285,279,274,280,274,276,284,284,281,280,276,280,275,273,286,288,279,282,277,275,276,271,283,283,278,280,281,280,275,273,286,285,276,275,274,275,269,274
2026-06-28T15:35:50.034,284,278,283,274,278,276,274,277,287,281,280,280,279,275,273,270,285,280,279,284,282,277,276,272,288,281,283,279,276,277,273,271,284,284,284,278,275,278,273,267,278,282,283,281,275,280,273,271,284,281,279,279,279,276,272,272,290,283,278,276,276,278,273,276
2026-06-28T15:35:50.130,286,281,275,277,273,273,271,267,284,278,278,276,275,271,271,269,282,280,278,274,276,273,271,270,280,280,286,272,270,272,268,266,281,278,283,275,272,271,273,267,282,277,283,274,274,270,271,270,280,278,275,280,276,274,268,273,280,276,277,274,277,270,272,266
2026-06-28T15:35:50.227,271,277,266,265,263,264,262,264,272,266,269,266,265,260,264,262,274,272,271,268,271,265,260,261,277,273,272,266,271,262,264,259,276,272,276,268,263,266,263,263,275,271,280,266,268,258,265,261,273,271,268,272,268,270,265,263,278,264,275,269,265,259,262,262
2026-06-28T15:35:50.322,268,258,256,257,250,253,254,252,263,261,260,261,255,249,250,253,260,264,260,258,255,252,251,250,268,262,260,258,257,253,253,249,265,261,261,259,256,251,252,253,259,261,258,257,261,250,254,250,261,260,254,261,256,258,254,250,269,258,259,256,254,256,250,254
2026-06-28T15:35:50.408,259,255,254,248,246,253,250,245,253,252,253,248,246,246,243,246,257,251,253,250,251,250,244,244,259,254,257,252,245,248,245,242,259,255,254,254,248,246,248,247,258,257,257,253,252,248,245,245,255,254,250,254,250,249,245,247,258,254,251,252,248,246,245,246
2026-06-28T15:35:50.528,263,250,251,251,250,250,248,247,256,254,251,249,247,246,242,243,258,252,253,253,252,245,245,240,259,255,256,249,243,247,247,244,256,255,254,248,246,243,247,243,256,257,256,253,252,246,246,241,255,251,253,250,251,251,243,244,255,252,252,248,246,245,243,248
2026-06-28T15:35:50.625,262,255,252,250,248,247,243,246,254,253,248,246,247,248,241,241,258,253,252,251,253,248,243,241,257,254,256,252,246,248,245,243,257,253,254,253,249,245,243,241,256,258,257,250,248,246,244,244,250,252,253,251,250,245,244,244,255,253,250,251,249,245,245,246
2026-06-28T15:35:50.708,262,247,252,246,249,246,246,245,259,253,248,248,248,250,244,244,252,253,252,250,252,248,244,242,257,252,252,250,246,244,243,241,260,252,252,252,248,244,243,246,256,254,249,252,249,245,244,247,257,253,249,254,251,247,246,247,259,256,253,249,246,249,248,245
2026-06-28T15:35:50.814,260,253,253,253,246,247,247,252,254,252,252,249,247,245,247,245,253,249,251,253,249,248,244,243,253,254,253,250,246,247,246,240,257,251,250,250,249,247,246,246,253,253,253,253,250,248,244,245,255,250,256,254,250,248,245,245,258,251,252,252,247,249,245,247
2026-06-28T15:35:50.915,252,253,251,250,245,245,247,246,251,254,248,252,249,247,245,246,257,257,252,253,252,250,247,246,259,256,255,250,248,248,243,243,255,255,252,255,249,248,247,243,254,254,252,251,247,249,242,247,254,252,255,250,250,250,242,245,255,253,250,251,248,246,247,244
2026-06-28T15:35:50.999,255,253,250,249,246,248,247,244,256,253,250,250,245,246,243,245,259,256,249,253,247,248,247,242,256,256,253,250,248,249,247,243,256,254,254,251,249,246,248,245,257,254,255,249,247,250,245,240,255,250,250,251,251,248,247,244,256,253,250,250,246,246,244,246
2026-06-28T15:35:51.087,256,249,253,255,249,247,245,247,256,252,252,248,248,249,246,243,256,253,250,252,250,245,245,244,257,256,256,253,246,249,248,242,260,256,254,249,251,244,247,242,258,255,252,251,251,252,247,242,255,249,256,248,252,247,250,245,256,257,249,251,245,241,247,243
2026-06-28T15:35:51.192,265,253,252,249,248,246,242,247,256,254,246,248,245,247,245,241,254,254,258,253,248,248,243,242,253,254,255,251,244,246,248,243,260,249,256,253,249,247,245,243,253,253,253,252,252,247,244,244,254,253,252,250,250,246,245,243,258,256,249,250,244,244,242,248
2026-06-28T15:35:51.285,261,253,252,253,246,247,243,247,259,253,250,248,246,248,247,243,253,254,253,254,250,246,245,244,259,256,255,253,245,250,245,243,258,256,252,252,246,245,246,244,256,254,252,251,250,247,249,244,260,253,253,253,253,247,246,247,259,253,248,251,246,247,243,249
2026-06-28T15:35:51.383,263,250,253,251,244,247,245,242,256,251,249,250,246,250,245,244,258,254,253,249,252,248,242,244,257,257,255,250,244,246,247,244,256,255,251,251,251,247,248,245,255,254,252,252,247,249,246,242,256,251,251,254,246,250,245,248,255,253,250,250,246,247,243,246
2026-06-28T15:35:51.481,261,252,254,245,247,247,245,246,259,254,253,249,247,245,242,245,257,253,249,251,248,246,245,240,257,253,256,250,248,250,245,246,260,253,255,252,246,245,249,243,258,255,256,249,251,250,245,245,254,255,255,250,249,245,245,243,252,258,253,248,244,247,247,246
2026-06-28T15:35:51.580,257,251,252,248,248,247,248,244,255,252,253,248,248,242,246,245,256,254,254,254,249,244,246,243,256,255,257,254,250,247,247,244,258,249,253,248,245,247,248,244,258,252,253,254,251,250,247,242,257,250,252,253,253,249,248,243,255,253,250,250,246,248,245,246
2026-06-28T15:35:51.701,260,254,255,248,244,244,244,249,254,255,252,249,247,249,246,242,251,255,257,253,250,247,244,244,258,254,254,251,247,248,247,246,258,258,254,250,247,247,250,245,259,257,254,252,246,248,249,244,256,253,251,253,247,250,246,246,255,254,251,251,247,249,243,245
2026-06-28T15:35:51.808,257,251,250,251,246,245,245,249,254,253,249,251,247,244,244,245,259,252,253,253,251,248,247,244,258,253,254,253,239,246,246,242,258,251,253,251,248,245,248,242,256,255,260,251,247,248,244,245,258,252,253,251,251,246,246,241,257,248,250,247,244,247,246,245
2026-06-28T15:35:51.907,258,252,254,249,246,246,245,246,253,253,249,248,245,249,243,242,256,254,253,251,247,248,249,242,258,256,259,250,242,247,245,244,260,258,251,254,246,247,247,244,255,252,258,252,248,249,242,246,258,253,247,254,246,247,245,245,258,249,252,249,243,246,248,246
2026-06-28T15:35:52.010,258,253,251,250,248,244,245,244,257,255,250,248,248,245,246,243,257,255,250,254,250,245,243,247,260,257,253,249,245,245,248,241,259,257,256,252,247,240,246,242,256,252,257,251,249,242,246,245,256,252,250,253,247,251,245,243,256,256,252,249,244,245,243,245
2026-06-28T15:35:52.101,256,254,251,250,249,249,243,247,255,254,248,245,247,243,244,244,257,254,250,253,248,246,246,240,257,254,253,253,245,245,244,243,253,255,253,252,247,246,244,248,253,254,254,248,249,245,247,243,255,249,252,248,247,250,245,242,256,251,250,248,245,245,242,242
2026-06-28T15:35:52.192,248,248,244,242,236,243,240,239,253,242,247,240,243,237,239,235,254,243,245,249,243,244,239,238,253,244,251,241,238,237,236,237,248,253,248,244,241,238,239,237,244,246,249,243,244,242,241,238,246,245,249,245,241,240,238,238,255,245,244,241,242,238,239,237
2026-06-28T15:35:52.285,242,238,230,230,226,232,229,230,242,230,236,234,235,230,231,226,238,233,235,237,231,235,228,232,242,238,237,230,231,228,229,226,239,241,230,232,232,226,229,228,239,238,242,231,235,226,228,225,236,235,238,236,230,233,228,227,240,237,235,234,233,225,230,227
2026-06-28T15:35:52.376,233,229,223,225,220,224,221,222,231,226,223,221,224,219,220,219,231,229,228,228,222,222,222,218,235,226,228,222,221,220,220,219,233,232,223,227,220,217,224,216,229,232,226,222,223,218,220,217,228,229,230,229,225,223,220,220,232,227,226,222,227,218,221,223
2026-06-28T15:35:52.473,231,221,221,219,217,221,218,216,228,226,220,220,217,216,217,214,225,224,223,224,215,216,217,217,232,228,224,219,217,220,211,212,230,232,225,218,218,215,217,215,228,228,224,219,218,220,217,216,226,225,227,221,222,217,216,216,228,224,223,217,221,217,217,220
2026-06-28T15:35:52.571,235,222,223,219,215,218,216,215,226,221,220,217,215,217,215,218,229,223,224,223,219,215,212,215,225,227,219,218,218,219,216,214,226,231,224,224,220,216,216,214,226,226,217,221,218,219,216,216,225,221,220,222,218,222,217,217,225,227,219,221,217,216,214,219
2026-06-28T15:35:52.663,233,221,221,221,213,220,215,219,226,225,220,222,219,217,217,216,226,223,224,221,217,215,216,215,227,224,222,223,218,218,216,213,225,227,222,220,218,215,219,217,222,228,221,219,217,217,217,217,230,221,224,219,216,222,216,219,225,224,221,220,220,218,215,216
2026-06-28T15:35:52.760,232,221,223,220,219,216,217,216,228,225,221,220,215,218,214,217,229,223,223,224,220,216,217,212,226,230,221,217,219,217,215,215,230,226,222,221,219,215,216,216,229,229,221,220,218,219,217,213,227,226,225,217,220,219,219,216,223,222,223,222,217,216,217,217
2026-06-28T15:35:52.858,226,224,222,218,221,219,220,217,232,225,218,223,218,216,218,219,224,224,224,222,220,214,213,216,224,226,223,220,216,218,215,214,228,232,218,218,218,215,215,214,229,229,220,217,221,219,218,220,227,220,224,222,220,219,216,216,229,225,222,222,219,220,215,218
2026-06-28T15:35:52.957,234,223,223,221,217,215,214,219,227,226,223,218,215,216,213,216,227,225,221,221,219,217,214,214,226,230,222,221,217,217,215,213,226,220,223,220,218,210,216,214,226,233,220,220,218,217,218,211,228,226,224,220,217,217,217,217,226,226,221,221,215,216,215,218
2026-06-28T15:35:53.055,232,224,224,223,218,217,220,214,230,225,221,221,217,215,216,216,225,224,226,221,219,220,218,213,231,228,224,220,217,217,217,215,230,231,221,218,218,215,215,212,227,226,221,218,218,218,218,214,227,223,218,222,218,215,218,216,227,224,218,219,219,219,216,218
2026-06-28T15:35:53.153,228,223,222,221,215,216,218,216,225,223,220,220,220,215,216,216,223,224,224,220,220,220,216,216,230,223,223,218,215,215,218,213,227,231,224,224,217,215,218,213,229,226,225,220,218,217,216,217,226,225,221,220,218,218,214,217,227,224,222,222,221,215,219,220
2026-06-28T15:35:53.252,234,226,225,219,216,216,219,219,225,223,218,216,216,218,213,216,231,224,221,220,220,216,213,215,226,224,222,216,219,215,216,215,224,229,223,219,219,216,219,218,226,225,221,219,218,219,217,216,226,224,225,224,220,222,214,219,227,224,221,221,217,219,215,220
2026-06-28T15:35:53.396,233,220,222,220,216,218,216,217,222,224,219,223,218,214,214,220,226,225,226,225,219,215,216,213,229,224,225,220,217,216,216,214,227,230,223,221,218,214,215,215,227,226,221,219,221,215,214,216,222,223,230,222,219,221,216,217,229,222,218,220,219,216,214,218
2026-06-28T15:35:53.488,228,222,223,218,220,216,213,219,225,223,219,222,215,215,215,214,226,226,222,223,217,218,215,215,230,225,221,217,214,213,214,213,230,231,222,219,217,214,221,214,225,229,221,220,221,218,215,216,227,225,224,221,220,222,217,216,228,223,221,219,221,216,218,218
2026-06-28T15:35:53.569,230,224,221,218,220,215,219,217,226,225,219,223,214,220,216,214,229,225,226,218,219,216,213,218,225,228,223,220,217,217,218,214,229,236,223,220,218,215,217,215,226,226,224,219,218,217,217,217,226,226,226,221,220,218,213,216,228,223,220,224,219,218,214,220
2026-06-28T15:35:53.671,233,225,225,222,220,218,216,218,228,224,217,218,214,217,213,216,227,221,223,218,218,218,216,216,225,227,221,218,217,216,216,213,231,231,220,222,220,216,219,217,227,230,225,218,218,219,216,216,225,226,228,221,220,214,217,216,228,225,223,221,216,220,214,218
2026-06-28T15:35:53.753,231,221,220,220,220,216,218,218,226,225,219,218,218,218,216,214,228,222,223,221,221,216,213,213,230,228,225,219,216,216,221,214,227,229,217,221,217,216,217,212,223,228,223,217,219,216,217,217,225,224,222,220,220,220,213,216,228,223,221,219,217,217,214,220
2026-06-28T15:35:53.855,230,227,224,221,215,216,216,216,223,222,219,219,219,218,215,217,227,222,223,222,217,217,215,213,230,223,222,219,218,217,214,215,227,232,217,221,218,216,219,213,228,226,223,220,220,214,214,216,227,224,222,220,220,220,216,215,229,223,220,220,215,219,213,221
2026-06-28T15:35:53.951,235,224,221,218,219,217,217,215,225,223,220,222,220,217,216,216,227,225,221,218,220,220,216,211,230,228,225,219,218,218,218,215,228,232,222,218,218,212,218,216,224,230,226,218,218,215,213,217,228,224,227,226,217,220,216,218,229,221,220,221,218,217,215,219
2026-06-28T15:35:54.046,238,224,226,220,216,218,217,214,226,223,223,220,216,219,215,217,226,225,223,227,219,217,216,214,225,224,223,217,218,214,215,214,227,230,218,221,217,213,216,215,226,227,224,220,219,218,215,213,229,225,223,221,217,220,217,218,228,224,219,221,217,214,216,217
2026-06-28T15:35:54.149,229,222,220,217,213,213,214,215,222,221,215,213,214,212,208,212,222,220,215,219,217,213,213,209,229,219,222,216,212,214,216,211,225,222,214,217,211,212,212,210,224,225,218,215,218,212,214,213,223,219,219,216,215,217,213,212,229,218,219,216,217,213,212,214
2026-06-28T15:35:54.243,215,212,213,206,203,206,204,209,217,210,208,207,208,203,206,201,216,213,211,213,208,209,204,204,216,212,213,207,203,203,206,204,217,216,210,210,204,205,207,203,212,212,216,209,206,205,206,204,211,216,207,211,208,212,202,201,221,207,211,208,209,205,205,204
2026-06-28T15:35:54.339,209,199,197,200,191,194,194,195,204,194,200,199,196,193,194,192,204,200,201,201,197,196,189,193,206,208,197,195,195,190,193,191,203,207,196,197,195,190,193,193,201,205,197,193,198,192,193,194,201,204,202,199,196,196,196,196,201,199,202,200,198,196,195,191
2026-06-28T15:35:54.432,199,194,191,192,187,189,189,191,196,191,192,191,193,186,188,191,194,194,197,191,190,189,186,188,203,197,189,188,186,187,188,184,200,198,188,189,188,184,188,186,195,198,194,188,189,187,187,188,197,197,192,191,191,193,188,187,198,193,193,195,193,186,189,190
2026-06-28T15:35:54.563,199,191,189,188,185,186,185,186,194,191,190,185,186,183,187,186,197,196,193,189,190,187,185,185,195,200,189,187,184,187,188,184,196,200,189,189,186,184,184,185,196,197,189,188,188,184,185,183,196,197,190,186,187,191,187,187,197,191,197,191,189,192,184,189
2026-06-28T15:35:54.667,200,194,188,190,186,188,186,186,194,192,190,191,185,187,186,187,195,194,193,193,190,188,184,184,197,199,189,187,185,188,185,184,201,199,189,189,186,185,185,184,192,200,193,187,187,188,188,184,194,198,191,188,188,190,188,187,197,194,192,192,188,188,187,188
2026-06-28T15:35:54.754,201,192,189,188,184,185,188,188,196,190,188,191,185,187,182,187,194,197,192,187,185,189,184,183,198,199,188,188,182,186,186,186,199,195,190,189,185,182,188,183,191,196,192,188,186,186,185,184,195,195,190,190,186,191,188,187,194,193,189,189,186,192,185,189
2026-06-28T15:35:54.839,206,192,192,191,188,190,191,188,194,194,191,188,188,187,186,186,194,194,195,190,186,187,187,184,197,201,192,187,183,185,184,184,197,194,189,185,186,180,188,182,197,197,190,188,189,181,184,186,195,193,190,188,188,185,184,185,193,192,194,191,190,185,187,188
2026-06-28T15:35:54.943,200,191,190,191,187,190,187,185,195,189,189,189,188,187,184,184,195,195,197,188,189,187,185,185,198,201,191,187,185,184,185,185,199,196,188,188,186,183,185,186,197,197,188,188,188,184,184,184,194,198,188,189,184,185,186,186,198,193,192,194,191,189,188,186
2026-06-28T15:35:55.038,201,191,191,189,186,187,187,187,195,194,189,188,187,186,184,187,196,196,194,191,188,188,184,186,196,202,190,188,187,181,185,185,201,196,189,186,185,183,189,185,195,197,190,189,188,185,188,187,192,196,186,190,190,188,187,186,196,193,189,193,188,187,189,186
2026-06-28T15:35:55.125,204,194,188,188,186,188,187,187,193,191,189,189,184,187,183,185,196,195,194,192,190,190,184,184,195,199,190,187,184,185,186,185,202,195,191,190,187,182,183,187,195,194,191,186,187,185,186,187,197,194,188,190,188,188,187,186,196,193,193,193,191,191,189,186
2026-06-28T15:35:55.227,198,188,191,189,190,187,186,187,194,189,190,189,188,186,184,186,196,192,193,191,187,187,185,185,194,200,192,187,186,184,187,182,200,199,190,187,184,184,189,185,194,195,192,187,189,186,188,187,193,198,190,189,189,190,188,187,196,192,189,191,190,188,189,188
2026-06-28T15:35:55.325,203,194,189,189,187,187,188,189,196,191,189,190,187,186,184,184,193,192,192,190,188,189,186,182,198,201,190,188,186,185,184,183,196,199,188,187,187,182,188,186,195,197,189,185,187,186,189,185,197,199,192,188,186,187,187,185,197,192,193,192,189,189,184,187
2026-06-28T15:35:55.421,203,191,190,189,187,188,188,185,197,190,190,189,185,186,183,186,194,198,194,189,187,188,185,185,197,199,191,188,185,184,186,186,198,201,188,189,187,184,187,183,196,194,190,188,189,185,187,185,195,195,186,189,186,191,191,187,195,194,190,194,192,186,186,190
2026-06-28T15:35:55.523,205,189,192,188,185,186,188,188,192,190,189,192,187,184,184,187,194,194,189,186,187,189,185,184,195,204,189,190,185,183,187,185,200,199,189,187,184,182,187,183,195,198,192,186,187,186,187,183,194,196,189,187,186,191,186,187,200,191,195,191,191,189,186,187
2026-06-28T15:35:55.612,196,195,188,193,191,187,190,185,195,192,190,191,185,188,186,186,195,192,194,191,186,188,183,184,192,201,192,188,183,185,186,185,200,200,188,187,186,184,188,186,196,197,191,186,186,182,186,186,194,198,189,189,187,192,186,187,196,192,195,190,187,191,187,185
2026-06-28T15:35:55.714,202,191,192,191,189,187,189,192,192,190,192,191,189,185,185,184,195,193,193,193,189,187,184,185,195,201,191,187,184,186,184,184,197,199,189,189,186,181,189,183,192,194,188,186,187,184,189,186,193,196,189,186,187,188,187,186,199,191,192,191,189,188,189,184
2026-06-28T15:35:55.810,202,194,191,188,188,186,188,185,192,190,190,191,185,185,182,189,195,194,194,189,186,187,185,185,194,200,191,187,185,185,188,185,198,200,191,188,187,183,185,185,195,197,192,188,186,184,189,183,193,197,187,194,189,192,189,185,199,193,192,188,191,187,188,188
2026-06-28T15:35:55.909,199,192,192,190,185,189,187,188,193,192,189,184,187,186,185,186,196,194,193,191,186,187,185,183,196,196,190,187,185,186,185,183,199,200,187,191,186,181,188,184,195,200,190,187,189,184,186,187,196,197,193,192,187,191,189,185,199,193,192,194,193,187,187,185
2026-06-28T15:35:56.007,203,194,190,189,188,188,188,184,194,193,189,190,189,187,183,187,198,192,197,191,183,191,186,183,196,200,189,185,185,185,187,188,202,197,191,190,186,181,183,185,195,191,194,189,187,185,182,185,193,198,194,189,187,189,188,187,198,193,194,193,188,189,188,186
2026-06-28T15:35:56.105,197,192,191,188,188,186,184,183,195,190,187,188,188,184,182,183,195,192,192,189,189,186,183,181,197,199,187,185,185,183,187,183,197,199,187,188,184,181,185,182,196,193,190,187,185,184,188,183,193,195,193,188,185,189,182,185,197,191,195,188,189,187,188,184
2026-06-28T15:35:56.204,190,184,180,181,179,182,178,180,189,181,185,183,180,179,178,173,187,184,184,184,177,178,177,178,189,185,183,179,179,177,181,175,191,184,182,183,179,178,180,177,189,183,183,179,182,180,180,177,187,188,180,182,181,180,181,179,191,180,185,188,179,181,179,179
2026-06-28T15:35:56.302,179,175,172,169,167,170,167,168,179,170,173,171,172,168,169,163,176,176,177,170,168,174,167,168,179,174,172,168,170,162,171,165,179,175,171,173,167,169,170,167,176,170,174,169,172,165,172,166,175,175,168,173,169,171,168,169,179,174,175,169,172,167,170,169
2026-06-28T15:35:56.438,170,162,163,161,159,161,159,159,166,161,165,163,162,158,161,158,165,166,164,162,158,163,159,159,175,165,164,160,157,153,160,157,0,166,159,162,157,156,161,159,174,163,165,159,160,155,162,159,165,164,161,162,162,161,161,159,172,166,165,160,164,163,160,158
2026-06-28T15:35:56.585,166,159,157,159,156,155,155,156,161,159,160,158,159,156,154,157,163,168,163,159,157,159,156,155,172,163,156,156,154,150,153,155,0,163,158,157,155,153,156,155,0,161,157,157,156,153,157,156,164,159,159,157,156,156,155,156,163,161,162,155,153,157,156,158
2026-06-28T15:35:56.659,167,159,157,157,158,157,156,157,160,158,158,160,155,159,154,155,161,164,159,157,158,156,153,155,169,162,158,155,155,154,155,153,0,160,158,154,156,153,156,154,0,160,159,156,157,155,157,154,163,159,159,156,157,156,157,157,160,162,159,159,155,160,155,157
2026-06-28T15:35:56.695,163,159,160,157,156,157,155,156,163,157,160,161,158,156,154,156,164,162,156,157,157,155,153,154,168,162,157,158,155,154,153,154,0,161,156,156,155,153,153,154,0,162,158,157,156,155,156,155,164,161,157,157,155,155,158,155,162,167,158,156,158,162,153,156
2026-06-28T15:35:56.794,166,160,160,156,157,154,157,156,162,160,161,162,157,157,154,154,162,162,161,158,157,158,154,152,168,165,156,158,153,154,154,157,0,160,157,157,156,152,160,153,0,162,159,159,156,155,156,155,167,158,160,160,158,158,159,156,165,161,161,158,157,157,156,156
2026-06-28T15:35:56.892,166,158,158,156,155,154,155,156,162,158,161,159,156,157,157,155,161,169,159,156,154,154,157,155,168,165,157,156,154,151,155,154,0,160,157,157,156,150,158,156,0,159,160,159,156,155,155,155,166,160,157,156,157,154,160,159,161,158,159,158,159,161,156,158
2026-06-28T15:35:56.990,167,160,158,157,155,155,158,152,159,160,161,159,159,156,156,157,162,166,160,158,154,157,155,157,164,159,157,156,153,154,155,155,0,162,160,158,156,150,155,154,0,159,160,156,155,153,157,154,164,159,158,159,158,159,159,157,164,159,158,155,159,161,157,154
2026-06-28T15:35:57.131,168,160,157,158,158,155,157,158,161,158,161,161,156,158,154,155,163,167,161,157,159,156,155,154,168,164,157,156,153,154,152,156,0,159,158,156,154,151,155,156,0,159,161,157,156,155,153,154,164,161,158,158,157,157,158,155,166,162,165,156,158,161,158,157
2026-06-28T15:35:57.234,169,158,159,158,156,156,155,155,159,159,162,162,157,155,154,153,163,161,160,161,157,155,156,154,166,162,157,154,153,152,153,154,0,161,157,156,154,150,156,155,0,163,160,157,155,155,156,156,164,160,158,160,158,157,157,154,161,161,161,157,158,158,156,152
2026-06-28T15:35:57.326,162,162,157,157,159,156,155,156,161,159,161,160,155,156,153,153,161,165,161,159,156,157,156,155,173,161,157,156,152,150,155,154,0,161,156,156,153,151,155,155,0,160,159,158,153,155,158,153,165,160,160,158,157,157,158,157,164,163,161,158,159,160,157,154
2026-06-28T15:35:57.425,163,156,159,157,156,156,156,155,160,156,161,159,157,155,155,157,160,164,161,158,156,159,155,155,169,159,157,154,152,151,155,153,0,163,159,157,156,155,158,155,0,159,157,158,157,153,159,156,164,160,158,158,155,158,156,156,165,162,158,159,155,159,157,157
2026-06-28T15:35:57.512,166,160,159,156,156,154,157,156,162,157,160,163,156,156,155,156,162,164,162,157,158,157,153,154,168,160,158,156,152,154,155,155,0,161,155,156,154,151,157,155,0,160,158,156,156,153,154,154,164,162,157,157,153,157,158,156,163,161,160,161,156,160,155,157
2026-06-28T15:35:57.619,167,159,159,158,157,157,156,157,162,159,159,158,157,157,154,154,162,161,162,158,157,157,154,155,171,162,157,157,152,155,155,155,0,159,157,158,156,153,157,154,0,161,158,156,156,154,156,155,163,162,159,156,156,157,157,155,162,162,161,161,159,159,156,156
2026-06-28T15:35:57.716,166,160,158,158,157,156,156,155,162,159,159,159,158,154,154,156,162,162,158,159,158,157,153,156,169,162,157,154,152,152,154,155,0,160,157,158,155,154,157,154,0,161,158,156,154,154,159,156,162,159,157,159,156,159,158,156,167,163,161,158,160,161,157,156
2026-06-28T15:35:57.811,165,160,160,157,156,155,156,156,161,162,159,162,159,155,153,156,161,167,160,157,160,157,157,152,169,164,157,154,153,153,155,154,0,158,157,156,154,153,155,156,0,158,160,157,158,153,157,155,164,160,159,157,158,159,159,155,161,162,162,160,153,162,157,156
2026-06-28T15:35:57.897,166,159,156,157,157,156,157,156,160,160,158,162,157,154,157,154,161,163,161,155,156,158,156,154,170,161,156,154,152,154,158,155,0,162,159,157,155,151,156,153,0,162,161,156,156,154,158,155,164,159,157,156,157,156,159,157,161,165,159,160,159,160,157,157
2026-06-28T15:35:57.986,169,158,158,159,155,155,156,156,160,156,159,160,158,156,154,155,162,161,161,155,156,155,156,155,168,162,158,157,154,150,154,155,0,163,158,158,155,151,154,155,0,162,159,157,157,154,158,156,167,158,158,157,158,161,157,157,164,162,161,161,161,157,156,156
2026-06-28T15:35:58.088,167,162,156,155,155,157,157,157,160,158,158,159,156,157,154,155,161,164,158,156,157,156,156,156,168,162,158,154,155,152,153,154,0,160,157,156,154,151,154,155,0,161,157,156,155,156,156,155,165,160,157,157,158,159,158,158,162,163,159,157,158,158,156,158
2026-06-28T15:35:58.177,161,157,156,155,153,152,153,154,160,155,157,156,150,150,151,151,158,161,157,156,151,152,151,151,166,155,154,150,151,147,152,151,0,156,152,154,151,149,152,149,0,155,154,151,154,151,154,153,165,156,155,152,150,155,154,153,159,159,158,151,156,155,154,152
2026-06-28T15:35:58.271,151,147,146,143,143,143,142,146,152,143,149,146,149,141,145,143,150,152,146,146,141,145,142,143,0,145,145,143,142,139,144,140,0,147,142,146,144,139,142,143,0,145,148,142,145,140,146,141,0,148,145,147,145,143,147,145,152,0,146,145,145,144,147,143
2026-06-28T15:35:58.373,137,136,133,131,134,131,131,135,140,138,138,135,134,131,132,131,143,135,133,134,131,132,132,131,0,131,135,133,132,129,135,131,140,137,133,134,131,129,132,132,139,133,136,130,132,129,133,130,0,135,135,133,133,134,132,133,143,132,136,133,134,132,135,132
2026-06-28T15:35:58.467,133,126,128,126,125,126,126,127,129,131,0,129,128,127,125,126,0,129,126,125,124,127,126,125,135,128,128,125,126,124,128,125,131,128,128,128,126,124,127,129,130,128,127,126,126,124,127,126,127,130,127,128,126,127,125,125,136,129,128,126,127,125,128,126
2026-06-28T15:35:58.573,133,128,127,128,125,124,125,124,130,131,0,125,128,125,125,125,0,126,127,126,124,124,126,125,133,126,125,124,122,123,123,122,131,129,125,126,124,122,125,124,127,129,127,128,124,123,123,126,131,128,128,127,126,125,127,126,0,127,127,128,127,123,126,126
2026-06-28T15:35:58.671,128,126,126,126,125,125,125,124,130,128,0,129,126,125,125,124,0,129,126,125,124,125,123,124,131,128,124,125,123,123,124,126,132,126,125,125,122,122,122,126,128,126,128,125,126,123,125,127,128,128,129,127,124,122,127,124,0,126,126,126,124,127,126,126
2026-06-28T15:35:58.769,129,128,124,125,127,124,124,126,130,129,0,129,124,124,122,125,0,126,128,126,123,119,126,124,133,128,124,124,121,122,122,125,130,128,126,125,124,125,125,123,130,127,127,125,125,124,123,126,129,129,128,125,126,124,128,126,0,126,127,125,123,126,126,127
2026-06-28T15:35:58.862,131,128,127,125,126,125,123,125,129,131,0,126,129,126,123,125,0,126,125,124,124,126,124,123,132,127,125,125,122,122,120,125,129,126,127,125,123,124,123,123,130,128,127,125,125,124,123,124,127,127,127,127,126,124,121,126,0,124,127,126,124,127,126,126
2026-06-28T15:35:58.965,130,127,126,126,123,126,125,125,128,132,0,125,127,126,124,124,0,126,125,126,123,123,126,124,132,126,126,123,123,121,122,125,132,127,123,124,125,123,124,125,127,127,127,124,125,125,126,123,128,127,126,126,125,126,125,124,0,125,125,126,125,125,127,128
2026-06-28T15:35:59.055,131,125,127,127,125,125,124,126,127,129,0,124,127,126,123,124,0,127,127,125,124,125,126,124,130,128,125,124,122,122,123,125,131,128,125,123,124,122,124,124,130,127,126,126,123,123,123,127,129,128,125,127,124,122,126,126,0,129,127,125,124,124,126,126
2026-06-28T15:35:59.157,130,124,126,126,125,125,124,127,128,127,0,129,127,124,123,125,0,127,127,124,124,126,125,125,133,130,126,126,122,123,124,124,129,128,126,126,123,121,125,126,129,127,127,124,124,121,125,126,128,126,124,125,125,126,125,126,0,126,126,127,124,127,129,125
2026-06-28T15:35:59.253,129,126,126,125,125,125,126,125,127,130,0,129,128,126,123,124,0,128,125,126,124,122,124,124,132,126,124,122,123,124,128,124,133,127,124,125,124,122,123,126,128,128,127,124,125,123,124,125,127,126,127,126,125,125,126,127,0,130,125,126,125,125,127,126
2026-06-28T15:35:59.352,131,125,128,124,124,124,124,124,127,129,0,128,127,126,125,124,0,129,125,125,123,121,123,124,132,127,125,127,122,121,125,126,132,127,126,125,125,123,128,126,129,127,127,124,125,123,124,128,127,128,126,127,124,125,127,128,0,126,125,127,123,126,124,126
2026-06-28T15:35:59.449,130,126,127,124,124,124,124,124,130,132,0,128,128,127,122,125,0,130,128,125,124,125,123,124,131,127,123,125,121,122,125,125,130,126,124,125,123,123,125,125,128,127,126,125,124,123,126,128,128,126,125,126,124,125,127,124,0,128,126,125,123,124,126,126
2026-06-28T15:35:59.549,129,125,125,127,125,125,125,126,128,129,0,129,127,124,124,124,0,124,127,125,125,123,127,123,132,128,126,124,122,122,124,123,132,128,125,127,124,122,124,125,128,126,127,124,123,123,126,125,127,129,125,127,127,125,127,126,0,125,127,126,123,125,127,126
2026-06-28T15:35:59.647,130,127,125,128,125,124,124,126,129,131,0,130,128,125,125,124,0,127,126,127,124,125,125,125,133,128,124,123,121,123,126,125,130,127,124,125,122,123,124,125,127,127,126,125,124,124,125,124,128,128,126,127,126,126,126,126,0,125,125,127,124,126,125,125
2026-06-28T15:35:59.745,134,127,128,126,124,126,124,124,129,131,0,128,129,126,125,126,0,129,127,124,125,125,124,123,135,127,126,125,123,123,126,126,130,129,125,127,126,122,123,125,127,127,127,126,122,122,123,128,129,127,125,126,123,125,125,124,0,126,126,128,124,124,126,127
2026-06-28T15:35:59.844,130,126,124,126,125,125,126,127,130,129,0,129,125,124,123,124,0,130,126,124,123,125,124,124,131,128,123,127,122,121,124,125,132,128,125,125,124,123,124,122,129,129,128,125,123,124,124,127,128,126,125,126,124,126,125,126,0,126,124,125,125,125,124,126
2026-06-28T15:35:59.942,133,127,125,125,124,124,125,127,126,129,0,131,126,129,124,125,0,126,127,125,126,124,126,123,130,127,122,125,121,121,123,125,132,128,124,124,123,121,123,125,128,127,127,127,124,122,123,124,128,129,128,125,128,124,128,127,0,130,127,125,122,127,127,126
2026-06-28T15:36:00.082,129,126,127,126,123,124,124,124,128,130,0,129,128,126,122,123,0,127,126,124,124,123,124,124,130,127,125,123,121,122,126,125,130,127,124,125,124,122,125,125,128,128,126,126,125,124,125,124,128,126,126,128,124,124,124,126,0,128,125,126,125,125,128,127
2026-06-28T15:36:00.180,130,126,123,125,125,124,124,124,128,123,0,128,123,122,123,124,0,124,125,124,122,123,123,122,134,127,124,123,121,120,123,124,131,126,125,124,123,121,121,123,129,124,124,121,124,123,125,123,128,126,126,124,124,126,125,126,0,126,126,122,126,123,126,124
2026-06-28T15:36:00.263,123,121,119,120,116,117,116,119,123,0,0,116,121,118,118,116,0,120,117,118,118,118,115,117,121,117,118,116,116,112,118,116,123,119,116,117,115,115,115,116,122,116,120,116,119,116,116,117,120,120,117,118,118,119,119,118,0,120,121,115,118,116,121,119
2026-06-28T15:36:00.360,109,109,109,108,106,108,105,107,0,0,109,104,108,102,107,104,110,107,105,107,104,106,106,107,111,106,108,103,106,102,108,104,109,108,104,107,106,105,105,109,111,105,109,103,109,104,110,105,106,108,107,107,105,109,104,109,110,106,109,106,109,104,0,104
2026-06-28T15:36:00.445,102,98,0,0,97,98,98,98,0,97,98,96,100,0,97,97,100,99,96,98,97,98,0,97,101,98,97,94,96,95,97,98,100,98,96,98,99,96,96,0,99,97,100,96,98,96,98,0,98,100,97,99,97,98,98,0,99,98,101,96,98,97,0,97
2026-06-28T15:36:00.539,98,0,0,0,94,93,94,93,0,91,94,94,94,0,94,95,96,95,93,94,95,92,0,94,96,95,91,91,91,90,93,92,97,95,91,95,93,93,93,0,93,94,95,94,92,91,94,0,95,94,94,94,93,94,94,0,97,94,94,95,96,96,91,94
2026-06-28T15:36:00.659,97,0,0,0,92,93,94,94,0,94,93,95,92,0,94,93,94,95,93,93,92,94,0,96,95,96,93,93,92,92,92,92,95,94,92,93,95,93,93,0,93,94,96,94,94,93,93,0,94,95,95,96,96,94,93,0,96,94,94,94,94,93,92,95
2026-06-28T15:36:00.731,97,0,0,0,94,94,93,93,0,94,94,94,92,0,92,93,95,94,94,92,91,93,0,93,96,96,90,92,90,93,93,95,97,95,93,94,93,92,93,0,96,93,96,93,93,91,90,0,96,95,94,96,93,93,94,0,97,94,95,95,94,96,94,95
2026-06-28T15:36:00.831,95,0,0,0,94,95,95,95,0,94,93,93,93,0,93,94,95,93,93,93,93,95,0,95,95,94,93,92,92,92,92,95,99,93,93,93,94,92,93,0,94,94,94,93,94,94,93,0,94,94,93,95,94,95,92,0,95,96,95,96,93,94,94,93
2026-06-28T15:36:00.933,97,0,0,0,95,94,96,94,0,92,94,92,93,0,93,94,96,95,94,96,92,95,0,96,96,94,94,92,92,94,92,94,96,96,92,93,93,91,92,0,95,94,94,95,94,93,92,0,95,94,94,96,94,93,94,0,96,94,95,96,95,94,94,96
2026-06-28T15:36:01.032,97,0,0,0,93,94,94,93,0,94,94,94,92,0,94,93,94,94,93,93,94,92,0,94,95,95,93,94,91,91,92,96,96,94,93,93,94,91,95,0,95,95,93,93,93,92,91,0,95,95,95,95,94,93,94,0,96,95,95,94,94,95,96,96
2026-06-28T15:36:01.121,100,0,0,0,94,96,94,93,0,95,93,94,93,0,94,94,95,96,93,94,91,92,0,94,95,96,93,93,92,90,93,90,96,95,94,96,93,91,93,0,95,95,95,91,93,93,92,0,96,95,94,95,93,95,93,0,96,95,96,96,93,95,92,95
2026-06-28T15:36:01.219,97,0,0,0,96,94,94,95,0,93,94,93,93,0,94,93,95,95,95,93,94,93,0,95,96,95,92,94,91,91,93,94,96,94,92,95,94,92,92,0,93,95,96,93,92,91,92,0,94,94,94,95,93,93,94,0,95,95,95,96,94,94,95,97
2026-06-28T15:36:01.318,96,0,0,0,94,93,95,94,0,93,94,92,92,0,94,94,94,97,93,93,93,92,0,94,97,95,92,93,91,92,92,94,97,94,93,94,94,91,94,0,95,96,96,96,93,93,93,0,95,94,95,95,92,93,95,0,93,96,94,95,93,95,94,95
2026-06-28T15:36:01.416,96,0,0,0,94,94,94,94,0,95,94,93,91,0,93,94,95,93,93,94,93,94,0,94,96,94,93,92,91,92,92,91,97,93,93,92,92,91,92,0,95,93,94,93,95,93,92,0,94,95,93,94,93,94,92,0,96,94,95,94,94,95,95,95
2026-06-28T15:36:01.515,93,0,0,0,94,94,95,95,0,96,95,93,93,0,93,94,96,95,94,93,93,93,0,93,95,94,92,94,90,93,92,93,95,95,92,93,95,91,94,0,93,96,94,94,92,94,92,0,95,95,95,93,93,93,93,0,96,96,94,95,94,94,0,94
2026-06-28T15:36:01.649,96,0,0,0,93,95,94,94,0,95,95,94,92,0,91,94,94,94,94,93,93,94,0,95,96,96,92,92,91,91,90,94,97,94,92,94,95,91,94,0,96,94,94,92,92,93,92,0,95,95,94,92,93,94,95,0,94,95,96,93,92,94,94,96
2026-06-28T15:36:01.747,97,0,0,0,93,94,97,93,0,95,93,93,93,0,94,95,94,96,95,95,92,93,0,94,95,93,94,94,91,92,92,93,96,93,94,93,91,93,92,0,96,95,96,93,93,93,93,0,96,94,95,95,94,94,94,0,96,95,94,95,94,94,95,97
2026-06-28T15:36:01.842,96,0,0,0,94,94,92,94,0,93,94,94,91,0,92,95,95,93,95,92,93,92,0,93,97,95,94,94,91,91,93,94,96,94,94,92,93,91,93,0,95,94,95,93,93,95,92,0,95,94,94,94,93,95,93,0,94,95,94,94,92,93,95,96
2026-06-28T15:36:01.940,98,0,0,0,95,95,94,96,0,94,93,94,91,0,94,95,96,95,92,93,91,92,0,94,95,94,93,93,90,92,90,94,96,95,92,93,92,92,95,0,94,94,95,92,96,94,93,1823,96,94,94,95,95,92,92,0,98,94,94,94,94,95,93,96
2026-06-28T15:36:02.035,97,0,0,0,94,93,94,94,0,93,94,94,92,0,93,92,96,93,94,94,94,93,0,93,96,93,93,94,91,94,90,95,96,94,94,93,94,92,93,0,94,94,97,93,92,93,92,0,95,95,94,96,95,93,94,0,97,94,94,94,95,93,92,94
2026-06-28T15:36:02.130,99,0,0,0,94,96,95,95,0,96,94,94,90,0,93,93,94,93,95,92,92,94,0,94,96,96,92,93,90,93,93,96,97,96,93,93,94,92,94,0,94,95,96,93,94,94,93,0,95,94,95,94,92,93,94,0,97,96,96,96,92,94,0,95
2026-06-28T15:36:02.227,98,0,0,0,96,93,94,94,0,93,94,95,91,0,92,94,95,93,94,93,92,94,0,93,94,97,93,94,91,92,90,93,96,94,91,94,93,91,94,0,96,96,95,93,92,94,93,0,94,95,94,94,94,95,94,0,97,95,96,94,94,95,91,96
2026-06-28T15:36:02.316,97,0,0,0,94,93,94,94,0,93,94,92,89,0,94,93,96,93,94,93,92,94,0,93,95,97,93,93,93,91,95,92,96,95,93,93,95,91,93,0,95,94,95,94,92,93,93,0,94,95,93,93,94,93,94,0,95,94,94,94,92,95,0,93
2026-06-28T15:36:02.417,97,0,0,0,96,94,94,93,0,94,95,93,91,0,94,94,94,94,94,92,93,92,0,96,94,94,94,90,92,91,94,94,98,94,92,94,94,91,94,0,95,94,96,92,93,91,93,0,96,92,94,94,93,92,93,0,95,94,96,96,94,93,0,96
2026-06-28T15:36:02.515,98,0,0,0,95,94,93,94,0,94,93,95,93,0,92,94,95,95,96,93,92,94,0,95,95,95,92,92,91,92,93,94,96,94,94,94,94,92,95,0,95,95,95,93,94,93,93,0,96,96,94,94,95,95,96,0,98,96,96,95,94,95,93,97
2026-06-28T15:36:02.616,97,0,0,0,94,96,92,93,0,91,94,93,92,0,93,94,94,94,94,94,91,94,0,94,95,94,92,91,92,91,93,94,97,94,94,95,93,91,94,0,95,94,94,94,93,93,92,0,96,94,94,96,93,93,96,0,97,96,94,96,95,93,93,95
